"CD4_na" "CD4_cenm" "CD4_efm" "CD8_na" "CD8_cenm" "CD8_efm" "Treg" "T gamma delta"
"TCGA.OR.A5J1.01A.11R.A29S.07" 0.0866 0.2232 0.1967 0.0844 0.1019 0.0705 0.1155 0.1212
"TCGA.OR.A5J2.01A.11R.A29S.07" 0.059 0.1704 0.1239 0.1293 0.0971 0.0984 0.1703 0.1516
"TCGA.OR.A5J3.01A.11R.A29S.07" 0.1155 0.1392 0.1547 0.1103 0.095 0.122 0.1079 0.1554
"TCGA.OR.A5J5.01A.11R.A29S.07" 0.1315 0.1859 0.1637 0.1169 0.0995 0.0953 0.0518 0.1554
"TCGA.OR.A5J6.01A.31R.A29S.07" 0.1217 0.1567 0.1644 0.1166 0.0985 0.0993 0.079 0.164
"TCGA.OR.A5J7.01A.11R.A29S.07" 0.0873 0.1714 0.1396 0.1124 0.1007 0.1381 0.0911 0.1594
"TCGA.OR.A5J8.01A.11R.A29S.07" 0.0723 0.1516 0.1798 0.117 0.1408 0.1041 0.098 0.1364
"TCGA.OR.A5J9.01A.11R.A29S.07" 0.113 0.1616 0.1788 0.1064 0.0998 0.0789 0.0816 0.1799
"TCGA.OR.A5JA.01A.11R.A29S.07" 0.0941 0.1683 0.1492 0.1174 0.1283 0.0982 0.0955 0.149
"TCGA.OR.A5JB.01A.11R.A29S.07" 0.177 0.1381 0.1488 0.0972 0.086 0.1054 0.0368 0.2107
"TCGA.OR.A5JC.01A.11R.A29S.07" 0.0807 0.1398 0.1644 0.1087 0.1062 0.1322 0.1263 0.1417
"TCGA.OR.A5JD.01A.11R.A29S.07" 0.0843 0.112 0.1211 0.1232 0.1357 0.1155 0.136 0.1722
"TCGA.OR.A5JE.01A.11R.A29S.07" 0.0717 0.1994 0.147 0.1158 0.0991 0.1035 0.0737 0.1897
"TCGA.OR.A5JF.01A.11R.A29S.07" 0.0807 0.1006 0.1128 0.1604 0.1253 0.1222 0.1587 0.1392
"TCGA.OR.A5JG.01A.11R.A29S.07" 0.0914 0.1543 0.1874 0.1379 0.1151 0.1174 0.0783 0.1182
"TCGA.OR.A5JI.01A.11R.A29S.07" 0.0583 0.1336 0.1143 0.125 0.1229 0.09 0.1989 0.157
"TCGA.OR.A5JJ.01A.11R.A29S.07" 0.1293 0.1599 0.1957 0.1103 0.0917 0.13 0.0653 0.1178
"TCGA.OR.A5JK.01A.11R.A29S.07" 0.0996 0.1924 0.2257 0.088 0.0701 0.0621 0.0636 0.1984
"TCGA.OR.A5JL.01A.11R.A29S.07" 0.113 0.192 0.1721 0.1165 0.0942 0.0988 0.0651 0.1483
"TCGA.OR.A5JM.01A.11R.A29S.07" 0.0927 0.1913 0.1746 0.1295 0.1066 0.1032 0.0907 0.1114
"TCGA.OR.A5JO.01A.11R.A29S.07" 0.1065 0.2338 0.1985 0.1015 0.0904 0.0678 0.0624 0.1391
"TCGA.OR.A5JP.01A.11R.A29S.07" 0.0945 0.1233 0.1431 0.1404 0.1188 0.1126 0.1223 0.145
"TCGA.OR.A5JQ.01A.11R.A29S.07" 0.0999 0.2004 0.1884 0.098 0.0894 0.0743 0.0761 0.1736
"TCGA.OR.A5JR.01A.11R.A29S.07" 0.0364 0.0701 0.0655 0.1416 0.1327 0.1042 0.3059 0.1437
"TCGA.OR.A5JS.01A.11R.A29S.07" 0.0909 0.1202 0.1332 0.1494 0.1277 0.1202 0.1053 0.1532
"TCGA.OR.A5JT.01A.11R.A29S.07" 0.0465 0.072 0.0644 0.147 0.1352 0.1788 0.1943 0.1618
"TCGA.OR.A5JV.01A.11R.A29S.07" 0.113 0.1642 0.1476 0.1181 0.1029 0.0811 0.1011 0.1721
"TCGA.OR.A5JW.01A.11R.A29S.07" 0.0972 0.1754 0.1503 0.1188 0.1306 0.1008 0.0908 0.1362
"TCGA.OR.A5JX.01A.11R.A29S.07" 0.0988 0.1276 0.144 0.1538 0.1445 0.1109 0.0929 0.1275
"TCGA.OR.A5JY.01A.31R.A29S.07" 0.0826 0.1608 0.1718 0.1019 0.1178 0.0874 0.1335 0.1442
"TCGA.OR.A5JZ.01A.11R.A29S.07" 0.0603 0.0705 0.0793 0.1463 0.1266 0.1625 0.196 0.1584
"TCGA.OR.A5K0.01A.11R.A29S.07" 0.0638 0.1385 0.144 0.1367 0.1066 0.0976 0.0901 0.2227
"TCGA.OR.A5K1.01A.11R.A29S.07" 0.0554 0.0941 0.0806 0.1835 0.1528 0.1478 0.1699 0.1159
"TCGA.OR.A5K2.01A.11R.A29S.07" 0.0891 0.1865 0.1482 0.1015 0.0992 0.1228 0.0892 0.1635
"TCGA.OR.A5K3.01A.11R.A29S.07" 0.0701 0.113 0.1308 0.1624 0.1526 0.1182 0.117 0.1358
"TCGA.OR.A5K4.01A.11R.A29S.07" 0.0724 0.0802 0.0883 0.1503 0.1237 0.1216 0.2093 0.1544
"TCGA.OR.A5K5.01A.11R.A29S.07" 0.0617 0.1624 0.1338 0.1283 0.106 0.1107 0.0906 0.2066
"TCGA.OR.A5K6.01A.11R.A29S.07" 0.0673 0.1386 0.175 0.1183 0.0966 0.1353 0.0889 0.18
"TCGA.OR.A5K8.01A.11R.A29S.07" 0.1023 0.1176 0.1326 0.1364 0.1155 0.1127 0.1367 0.1461
"TCGA.OR.A5K9.01A.11R.A29S.07" 0.1121 0.1558 0.1713 0.1227 0.107 0.1332 0.0568 0.1412
"TCGA.OR.A5KO.01A.11R.A29S.07" 0.1043 0.1824 0.168 0.0954 0.1111 0.0789 0.0727 0.1871
"TCGA.OR.A5KT.01A.11R.A29S.07" 0.0683 0.1503 0.1975 0.1145 0.0871 0.0956 0.1019 0.1848
"TCGA.OR.A5KU.01A.11R.A29S.07" 0.1299 0.1398 0.1591 0.1274 0.1064 0.0936 0.1312 0.1126
"TCGA.OR.A5KV.01A.11R.A29S.07" 0.0761 0.1895 0.1549 0.1335 0.1088 0.1459 0.058 0.1333
"TCGA.OR.A5KW.01A.11R.A29S.07" 0.1123 0.1574 0.1405 0.1155 0.1291 0.0973 0.0882 0.1597
"TCGA.OR.A5KX.01A.11R.A29S.07" 0.094 0.1369 0.1545 0.1404 0.1054 0.1316 0.0989 0.1383
"TCGA.OR.A5KY.01A.11R.A29S.07" 0.0915 0.1501 0.1793 0.1297 0.1086 0.1102 0.1019 0.1287
"TCGA.OR.A5KZ.01A.11R.A29S.07" 0.081 0.17 0.1531 0.121 0.1377 0.1065 0.117 0.1138
"TCGA.OR.A5L3.01A.11R.A29S.07" 0.0652 0.1349 0.1547 0.1585 0.1601 0.1154 0.0783 0.133
"TCGA.OR.A5L4.01A.11R.A29S.07" 0.097 0.1445 0.162 0.1411 0.1137 0.1041 0.1344 0.1032
"TCGA.OR.A5L5.01A.11R.A29S.07" 0.0862 0.1147 0.1214 0.0972 0.0856 0.1179 0.2252 0.1519
"TCGA.OR.A5L6.01A.11R.A29S.07" 0.0671 0.1043 0.1177 0.118 0.1118 0.0865 0.1616 0.2331
"TCGA.OR.A5L8.01A.11R.A29S.07" 0.1179 0.1992 0.2438 0.1284 0.0935 0.0903 0.0704 0.0566
"TCGA.OR.A5L9.01A.11R.A29S.07" 0.0932 0.1864 0.2175 0.0741 0.071 0.098 0.0971 0.1627
"TCGA.OR.A5LA.01A.11R.A29S.07" 0.0698 0.1219 0.1427 0.0838 0.0814 0.111 0.2431 0.1463
"TCGA.OR.A5LB.01A.11R.A29S.07" 0.1298 0.1696 0.1496 0.1274 0.1044 0.108 0.0898 0.1214
"TCGA.OR.A5LC.01A.11R.A29S.07" 0.0853 0.1935 0.1732 0.1179 0.1004 0.1058 0.0747 0.1491
"TCGA.OR.A5LD.01A.11R.A29S.07" 0.0924 0.1848 0.2155 0.1058 0.1029 0.1433 0.0393 0.1161
"TCGA.OR.A5LE.01A.11R.A29S.07" 0.0783 0.1969 0.1613 0.1366 0.1263 0.147 0.0832 0.0703
"TCGA.OR.A5LG.01A.11R.A29S.07" 0.1083 0.1357 0.1481 0.1075 0.0852 0.0977 0.1458 0.1716
"TCGA.OR.A5LH.01A.11R.A29S.07" 0.098 0.1668 0.1469 0.0897 0.0963 0.0821 0.1103 0.21
"TCGA.OR.A5LJ.01A.11R.A29S.07" 0.1456 0.1553 0.1926 0.1258 0.0911 0.1047 0.0705 0.1143
"TCGA.OR.A5LK.01A.11R.A29S.07" 0.0772 0.1224 0.1368 0.1089 0.106 0.1429 0.1117 0.1941
"TCGA.OR.A5LL.01A.11R.A29S.07" 0.069 0.0879 0.1013 0.1748 0.1413 0.1816 0.1142 0.1299
"TCGA.OR.A5LM.01A.11R.A29S.07" 0.1213 0.1744 0.1503 0.1115 0.0965 0.0918 0.0797 0.1746
"TCGA.OR.A5LN.01A.11R.A29S.07" 0.0762 0.1355 0.1581 0.124 0.1213 0.0896 0.1136 0.1817
"TCGA.OR.A5LO.01A.11R.A29S.07" 0.0944 0.1795 0.1977 0.1124 0.1033 0.1246 0.0803 0.1076
"TCGA.OR.A5LP.01A.11R.A29S.07" 0.0868 0.1393 0.1192 0.1057 0.0868 0.093 0.1987 0.1705
"TCGA.OR.A5LR.01A.11R.A29S.07" 0.0324 0.0362 0.0408 0.1917 0.1675 0.2255 0.1952 0.1108
"TCGA.OR.A5LS.01A.11R.A29S.07" 0.094 0.1231 0.1518 0.1259 0.1108 0.1065 0.1033 0.1846
"TCGA.OR.A5LT.01A.11R.A29S.07" 0.0947 0.1458 0.1299 0.1243 0.1144 0.0925 0.1541 0.1443
"TCGA.OU.A5PI.01A.12R.A29S.07" 0.0794 0.1117 0.126 0.1479 0.1198 0.1543 0.1279 0.133
"TCGA.P6.A5OF.01A.11R.A29S.07" 0.1046 0.1228 0.1417 0.143 0.1171 0.1139 0.1259 0.1311
"TCGA.P6.A5OG.01A.22R.A29S.07" 0.0977 0.2436 0.332 0.0542 0.066 0.0483 0.0632 0.0951
"TCGA.PA.A5YG.01A.11R.A29S.07" 0.1468 0.1289 0.1155 0.1064 0.0789 0.1005 0.1224 0.2005
"TCGA.PK.A5H8.01A.11R.A29S.07" 0.1243 0.154 0.1801 0.1041 0.1167 0.0974 0.0721 0.1513
"TCGA.PK.A5H9.01A.11R.A29S.07" 0.0857 0.1999 0.1714 0.1206 0.1103 0.078 0.1103 0.1239
"TCGA.PK.A5HA.01A.11R.A29S.07" 0.0884 0.1133 0.1338 0.102 0.0805 0.1086 0.1502 0.2232
"TCGA.PK.A5HB.01A.11R.A29S.07" 0.0746 0.1594 0.1158 0.1369 0.1117 0.1139 0.109 0.1788
