"CD4_na" "CD4_cenm" "CD4_efm" "CD8_na" "CD8_cenm" "CD8_efm" "Treg" "T gamma delta"
"TCGA.2F.A9KO.01A.11R.A38B.07" 0.0837 0.103 0.1107 0.1651 0.1607 0.1549 0.052 0.1699
"TCGA.2F.A9KP.01A.11R.A38B.07" 0.0444 0.0594 0.0531 0.2122 0.1923 0.2167 0.0997 0.1222
"TCGA.2F.A9KQ.01A.11R.A38B.07" 0.0584 0.0669 0.0764 0.0792 0.0741 0.0854 0.1646 0.3949
"TCGA.2F.A9KR.01A.11R.A38B.07" 0.0717 0.0609 0.059 0.0617 0.0673 0.0567 0.182 0.4409
"TCGA.2F.A9KT.01A.11R.A38B.07" 0 0 0 0.0674 0.0689 0.0592 0.3523 0.4522
"TCGA.2F.A9KW.01A.11R.A38B.07" 0.0721 0.0872 0.085 0.149 0.145 0.1422 0.1002 0.2193
"TCGA.4Z.AA7M.01A.11R.A39I.07" 0.0074 0.009 0.0098 0.1434 0.1265 0.1464 0.4554 0.1021
"TCGA.4Z.AA7N.01A.11R.A39I.07" 0.2316 0.2743 0.2723 0.0622 0.0621 0.0625 0 0.035
"TCGA.4Z.AA7O.01A.31R.A39I.07" 0.0655 0.0838 0.0773 0.0949 0.0933 0.0835 0.2729 0.2287
"TCGA.4Z.AA7Q.01A.11R.A39I.07" 0.1945 0.229 0.2118 0.0362 0.0362 0.0362 0.0066 0.2494
"TCGA.4Z.AA7R.01A.11R.A39I.07" 0.0357 0.0444 0.0448 0.0799 0.0716 0.073 0.3152 0.3355
"TCGA.4Z.AA7S.01A.11R.A39I.07" 0.0562 0.0661 0.0727 0.1624 0.1428 0.1623 0.0773 0.2602
"TCGA.4Z.AA7W.01A.11R.A39I.07" 0.2286 0.2134 0.2131 0.0307 0.0307 0.0307 0 0.2528
"TCGA.4Z.AA7Y.01A.11R.A39I.07" 0.0462 0.0616 0.056 0.1198 0.1294 0.1046 0.0835 0.3988
"TCGA.4Z.AA80.01A.11R.A39I.07" 0.0725 0.0979 0.0871 0.141 0.1238 0.1271 0.1074 0.2431
"TCGA.4Z.AA81.01A.11R.A39I.07" 0.1057 0.114 0.0931 0.0234 0.0233 0.0201 0.1559 0.4644
"TCGA.4Z.AA82.01A.11R.A39I.07" 0.0285 0.0345 0.038 0.104 0.103 0.1021 0.3221 0.2678
"TCGA.4Z.AA83.01A.11R.A39I.07" 0.0977 0.127 0.1241 0.0612 0.0579 0.0555 0.0771 0.3995
"TCGA.4Z.AA84.01A.11R.A39I.07" 0.0395 0.0452 0.0482 0.0535 0.0471 0.0505 0.2259 0.4901
"TCGA.4Z.AA86.01A.11R.A39I.07" 0.0912 0.1073 0.1075 0.0801 0.0806 0.0777 0.2306 0.2249
"TCGA.4Z.AA87.01A.11R.A39I.07" 0.0524 0.0699 0.0641 0.0774 0.0738 0.0742 0.1545 0.4337
"TCGA.4Z.AA89.01A.11R.A39I.07" 0.0657 0.0938 0.0818 0.0905 0.0787 0.0815 0.1049 0.4033
"TCGA.5N.A9KI.01A.31R.A42T.07" 0.0265 0.03 0.0287 0.0962 0.0807 0.0846 0.2432 0.4101
"TCGA.5N.A9KM.01A.11R.A42T.07" 0.1101 0.1029 0.104 0.0852 0.0827 0.0829 0.1081 0.324
"TCGA.BL.A0C8.01A.11R.A10U.07" 0 0 0 0.0894 0.0933 0.0809 0.3644 0.372
"TCGA.BL.A13I.01A.11R.A13Y.07" 0.1474 0.166 0.1787 0.0264 0.0245 0.0245 0.1117 0.3208
"TCGA.BL.A13J.11A.13R.A10U.07" 0.018 0.0215 0.0198 0.1899 0.1792 0.1722 0.2239 0.1755
"TCGA.BL.A13J.01A.11R.A10U.07" 0.0293 0.0379 0.0362 0.1376 0.1353 0.1343 0.4142 0.0754
"TCGA.BL.A3JM.01A.12R.A21D.07" 0 0 0 0.3048 0.271 0.2828 0.0657 0.0757
"TCGA.BL.A5ZZ.01A.31R.A30C.07" 0.014 0.0158 0.0176 0.1967 0.1948 0.1918 0.1923 0.1771
"TCGA.BT.A0S7.01A.11R.A10U.07" 0.0639 0.0875 0.0853 0.1277 0.1234 0.125 0.1462 0.241
"TCGA.BT.A0YX.01A.11R.A10U.07" 0.0521 0.0662 0.0641 0.1711 0.1739 0.1698 0.0785 0.2243
"TCGA.BT.A20J.01A.11R.A14Y.07" 0.2644 0.2741 0.26 0.0103 0.0096 0.0108 0.0709 0.0998
"TCGA.BT.A20N.11A.11R.A14Y.07" 0 0 0 0.2649 0.2463 0.2397 0.1442 0.105
"TCGA.BT.A20N.01A.11R.A14Y.07" 0 0 0 0.1745 0.1686 0.1598 0.1502 0.347
"TCGA.BT.A20O.01A.21R.A14Y.07" 0.1804 0.2279 0.2088 0.0548 0.0566 0.0534 0 0.2182
"TCGA.BT.A20P.01A.11R.A14Y.07" 0.0753 0.095 0.0863 0.0612 0.0507 0.0535 0.0792 0.4988
"TCGA.BT.A20Q.11A.11R.A14Y.07" 0.0365 0.0437 0.0404 0.1719 0.1622 0.1655 0.132 0.2477
"TCGA.BT.A20Q.01A.11R.A14Y.07" 0.0394 0.0367 0.0354 0.1434 0.1408 0.1387 0.2611 0.2046
"TCGA.BT.A20R.11A.11R.A16R.07" 0.007 0.0089 0.0098 0.2186 0.2278 0.2016 0.1653 0.1611
"TCGA.BT.A20R.01A.12R.A16R.07" 0 0 0 0.1623 0.1611 0.1609 0.3259 0.1897
"TCGA.BT.A20T.01A.11R.A14Y.07" 0.0233 0.0211 0.0207 0.1916 0.1894 0.1902 0.1876 0.1762
"TCGA.BT.A20U.11A.11R.A14Y.07" 0.0665 0.0893 0.0953 0.1019 0.1014 0.1001 0.1083 0.3373
"TCGA.BT.A20U.01A.11R.A14Y.07" 0.0084 0.0111 0.0102 0.078 0.0742 0.0749 0.4055 0.3376
"TCGA.BT.A20V.01A.11R.A14Y.07" 0.0591 0.0919 0.0617 0.0738 0.0656 0.0651 0.2475 0.3353
"TCGA.BT.A20W.11A.11R.A14Y.07" 0.0684 0.0791 0.0695 0.2024 0.195 0.1785 0.0989 0.1082
"TCGA.BT.A20W.01A.21R.A14Y.07" 0.1236 0.1665 0.1548 0.0996 0.0919 0.1042 0.1336 0.1259
"TCGA.BT.A20X.01A.11R.A16R.07" 0.0287 0.0314 0.0281 0.0612 0.0619 0.0589 0.2732 0.4565
"TCGA.BT.A2LA.11A.11R.A18C.07" 0.0673 0.0798 0.0808 0.1782 0.1655 0.198 0.0658 0.1647
"TCGA.BT.A2LA.01A.11R.A18C.07" 0.0056 0.0065 0.0062 0.2582 0.2667 0.2734 0.0806 0.1027
"TCGA.BT.A2LB.11A.11R.A18C.07" 0.1398 0.1763 0.1624 0.1269 0.1264 0.128 0.0471 0.093
"TCGA.BT.A2LB.01A.11R.A18C.07" 0.0575 0.0671 0.0671 0.134 0.1297 0.1291 0.2882 0.1273
"TCGA.BT.A2LD.01A.12R.A20F.07" 0.0352 0.043 0.048 0.0657 0.0609 0.0559 0.2505 0.4409
"TCGA.BT.A3PH.01A.11R.A220.07" 0 0 0 0.0506 0.0473 0.0494 0.6588 0.1939
"TCGA.BT.A3PJ.01A.21R.A220.07" 0.0269 0.0327 0.034 0.065 0.0615 0.0575 0.281 0.4413
"TCGA.BT.A3PK.01A.21R.A220.07" 0.059 0.0706 0.07 0.1676 0.1689 0.1666 0.1471 0.1503
"TCGA.BT.A42C.01A.11R.A23N.07" 0.0728 0.0919 0.0894 0.1021 0.0881 0.0871 0.1565 0.3121
"TCGA.BT.A42E.01A.11R.A23W.07" 0.1787 0.2034 0.2121 0.0384 0.0396 0.0371 0.0309 0.2599
"TCGA.BT.A42F.01A.11R.A23W.07" 0.142 0.168 0.1609 0.0713 0.072 0.0708 0 0.3149
"TCGA.C4.A0EZ.01A.21R.A24X.07" 0 0 0 0.2361 0.2673 0.2229 0.1306 0.1431
"TCGA.C4.A0F0.01A.12R.A10U.07" 0.0168 0.0206 0.0195 0.0743 0.0804 0.0682 0.2025 0.5177
"TCGA.C4.A0F1.01A.11R.A034.07" 0.0321 0.0407 0.0377 0.0612 0.06 0.059 0.2969 0.4123
"TCGA.C4.A0F6.01A.11R.A10U.07" 4e-04 4e-04 4e-04 0.2293 0.2246 0.2337 0.2689 0.0424
"TCGA.C4.A0F7.01A.11R.A084.07" 0.044 0.0524 0.0548 0.1602 0.1526 0.1509 0.1399 0.2453
"TCGA.CF.A1HR.01A.11R.A13Y.07" 0.0795 0.1096 0.0961 0.0767 0.0684 0.0801 0.1161 0.3734
"TCGA.CF.A1HS.01A.11R.A13Y.07" 0.0957 0.118 0.131 0.0676 0.0684 0.0624 0.1454 0.3115
"TCGA.CF.A27C.01A.11R.A16R.07" 0.0547 0.0718 0.0823 0.1289 0.1194 0.14 0.0852 0.3178
"TCGA.CF.A3MF.01A.12R.A21D.07" 0.0787 0.0914 0.0979 0.0482 0.0439 0.0439 0.1264 0.4696
"TCGA.CF.A3MG.01A.11R.A20F.07" 0.0568 0.0746 0.0667 0.1406 0.1203 0.1214 0.1411 0.2786
"TCGA.CF.A3MH.01A.11R.A20F.07" 0.06 0.0788 0.0914 0.1306 0.1096 0.1165 0.1062 0.3068
"TCGA.CF.A3MI.01A.11R.A20F.07" 0.1004 0.1313 0.1533 0.0601 0.0573 0.0583 0 0.4393
"TCGA.CF.A47S.01A.11R.A23W.07" 0.1383 0.1822 0.1728 0.0871 0.0731 0.0764 0.0546 0.2156
"TCGA.CF.A47T.01A.11R.A23W.07" 0.0298 0.0384 0.0361 0.1194 0.1056 0.1145 0.138 0.4181
"TCGA.CF.A47V.01A.11R.A23W.07" 0.0943 0.1169 0.1122 0.0497 0.0466 0.0468 0.1685 0.365
"TCGA.CF.A47W.01A.11R.A23W.07" 0.0437 0.0527 0.0502 0.1209 0.1011 0.1253 0.1027 0.4033
"TCGA.CF.A47X.01A.31R.A23W.07" 0.0465 0.0637 0.0555 0.0585 0.048 0.0494 0.278 0.4004
"TCGA.CF.A47Y.01A.11R.A23W.07" 0.04 0.0581 0.0486 0.1436 0.1258 0.1278 0.1015 0.3547
"TCGA.CF.A5U8.01A.11R.A28M.07" 0.0591 0.0754 0.0864 0.081 0.0687 0.0723 0.1202 0.4369
"TCGA.CF.A5UA.01A.11R.A28M.07" 0.0744 0.0844 0.0822 0.0483 0.0447 0.0576 0.1307 0.4778
"TCGA.CF.A7I0.01A.22R.A352.07" 0.091 0.1101 0.1134 0.08 0.0779 0.09 0.1463 0.2913
"TCGA.CF.A8HX.01A.11R.A36F.07" 0.0578 0.0421 0.0417 0.0581 0.0509 0.0511 0.2496 0.4488
"TCGA.CF.A8HY.01A.11R.A36F.07" 0.0495 0.0607 0.0574 0.099 0.0852 0.1005 0.0137 0.534
"TCGA.CF.A9FF.01A.11R.A38B.07" 0.149 0.1883 0.172 0.0517 0.0432 0.046 0.087 0.2627
"TCGA.CF.A9FH.01A.11R.A38B.07" 0.061 0.0827 0.0731 0.0822 0.0765 0.0729 0.1094 0.4423
"TCGA.CF.A9FL.01A.11R.A38B.07" 6e-04 8e-04 9e-04 0.1311 0.1145 0.1255 0.4611 0.1655
"TCGA.CF.A9FM.01A.11R.A38B.07" 0.1437 0.2017 0.1705 0.0508 0.0435 0.0449 0.0848 0.2602
"TCGA.CU.A0YN.11A.11R.A10U.07" 0.0028 0.0032 0.0029 0.1696 0.1602 0.1507 0.2207 0.2898
"TCGA.CU.A0YN.01A.21R.A10U.07" 0.1123 0.1014 0.1029 0.0534 0.0538 0.0533 0.2666 0.2564
"TCGA.CU.A0YO.01A.11R.A10U.07" 0.1116 0.1341 0.1314 0.0699 0.0685 0.0777 0.1805 0.2263
"TCGA.CU.A0YR.11A.13R.A10U.07" 0.1106 0.1388 0.1523 0.1173 0.1113 0.1074 0.1125 0.1499
"TCGA.CU.A0YR.01A.12R.A10U.07" 0.0654 0.0841 0.0814 0.1257 0.119 0.1184 0.1547 0.2513
"TCGA.CU.A3KJ.01A.11R.A21D.07" 0.0955 0.1006 0.1129 0.0522 0.0524 0.0502 0.2093 0.327
"TCGA.CU.A3QU.01A.11R.A22U.07" 0.1323 0.1145 0.1126 0.0466 0.045 0.0451 0.2319 0.2719
"TCGA.CU.A3YL.01A.11R.A22U.07" 0.1282 0.1622 0.1589 0.0277 0.0233 0.0237 0.2556 0.2204
"TCGA.CU.A5W6.01A.11R.A28M.07" 0.0611 0.0749 0.0726 0.071 0.0651 0.0693 0.1764 0.4096
"TCGA.CU.A72E.01A.12R.A33J.07" 0.0157 0.015 0.0154 0.0867 0.0871 0.0864 0.4118 0.2818
"TCGA.DK.A1A3.01A.11R.A13Y.07" 0.0135 0.0147 0.0137 0.1822 0.1619 0.1796 0.3405 0.0939
"TCGA.DK.A1A5.01A.11R.A13Y.07" 0.0176 0.0207 0.0208 0.1651 0.1639 0.163 0.2982 0.1506
"TCGA.DK.A1A6.01A.11R.A13Y.07" 0.0471 0.0581 0.0579 0.1747 0.1602 0.1604 0.0589 0.2828
"TCGA.DK.A1A7.01A.11R.A13Y.07" 0.1926 0.2265 0.2177 0.03 0.0263 0.0273 0.0667 0.2129
"TCGA.DK.A1AA.01A.11R.A13Y.07" 0.0495 0.0649 0.0627 0.1017 0.0947 0.0951 0.1553 0.376
"TCGA.DK.A1AB.01A.11R.A13Y.07" 0.0237 0.0203 0.0203 0.1259 0.1254 0.1249 0.3622 0.1972
"TCGA.DK.A1AC.01A.11R.A13Y.07" 0.0607 0.081 0.0762 0.2063 0.1983 0.1867 0.0986 0.0923
"TCGA.DK.A1AD.01A.11R.A13Y.07" 0.0087 0.0105 0.0106 0.1947 0.1735 0.197 0.3566 0.0484
"TCGA.DK.A1AE.01A.11R.A13Y.07" 0 0 0 0.103 0.0901 0.1049 0.3453 0.3567
"TCGA.DK.A1AF.01A.11R.A13Y.07" 0.1131 0.1273 0.1414 0.1088 0.1096 0.1077 0.1265 0.1655
"TCGA.DK.A1AG.01A.11R.A13Y.07" 0.0433 0.0537 0.0607 0.0955 0.0813 0.0865 0.1276 0.4514
"TCGA.DK.A2HX.01A.12R.A18C.07" 0 0 0 0.221 0.2374 0.211 0.2574 0.0731
"TCGA.DK.A2I1.01A.11R.A180.07" 0.0762 0.0667 0.067 0.1133 0.112 0.1135 0.3028 0.1484
"TCGA.DK.A2I2.01A.11R.A180.07" 0.0342 0.0413 0.0411 0.0858 0.0841 0.0846 0.266 0.3631
"TCGA.DK.A2I4.01A.11R.A21D.07" 0.1642 0.1899 0.1743 0.0748 0.0815 0.0725 0.0778 0.165
"TCGA.DK.A2I6.01A.12R.A18C.07" 0.0703 0.0803 0.0771 0.058 0.0554 0.0587 0.2032 0.3971
"TCGA.DK.A3IK.01A.32R.A21D.07" 0.0427 0.0389 0.0405 0.1584 0.153 0.1602 0.32 0.0864
"TCGA.DK.A3IL.01A.11R.A20F.07" 0.019 0.0182 0.0175 0.1878 0.181 0.1813 0.3195 0.0757
"TCGA.DK.A3IM.01A.11R.A20F.07" 0.0309 0.0375 0.0374 0.0604 0.0559 0.0562 0.14 0.5816
"TCGA.DK.A3IN.01A.11R.A20F.07" 0.0445 0.0529 0.0527 0.0708 0.0699 0.069 0.3457 0.2945
"TCGA.DK.A3IQ.01A.31R.A32Y.07" 0 0 0 0.1865 0.1856 0.1847 0.3474 0.0959
"TCGA.DK.A3IS.01A.21R.A21D.07" 0.0344 0.0437 0.0528 0.0758 0.0722 0.0811 0.1554 0.4845
"TCGA.DK.A3IT.01A.31R.A20F.07" 0.0444 0.0411 0.0423 0.2166 0.2117 0.2166 0.1634 0.0639
"TCGA.DK.A3IU.01A.11R.A20F.07" 0.1853 0.2168 0.2242 0.0305 0.0295 0.0289 0.0899 0.195
"TCGA.DK.A3IV.01A.22R.A21D.07" 0.3477 0.2613 0.2367 0 0 0 0.0675 0.0868
"TCGA.DK.A3WW.01A.22R.A23N.07" 0.0692 0.07 0.0662 0.0483 0.047 0.047 0.0633 0.589
"TCGA.DK.A3WX.01A.22R.A22U.07" 0.0772 0.0911 0.0906 0.06 0.0595 0.0596 0.2352 0.3269
"TCGA.DK.A3WY.01A.11R.A22U.07" 0.3663 0.336 0.2977 0 0 0 0 0
"TCGA.DK.A3X1.01A.12R.A22U.07" 0 0 0 0.2173 0.21 0.2101 0.2163 0.1463
"TCGA.DK.A3X2.01A.11R.A22U.07" 0.0492 0.062 0.0573 0.0867 0.0934 0.0799 0.242 0.3295
"TCGA.DK.A6AV.01A.12R.A30C.07" 0.0646 0.0649 0.062 0.1504 0.1355 0.1377 0.1347 0.2503
"TCGA.DK.A6AW.01A.11R.A30C.07" 0.068 0.0943 0.0816 0.0637 0.0554 0.0606 0.1563 0.4201
"TCGA.DK.A6B0.01A.11R.A31N.07" 0.1143 0.1586 0.1362 0.0728 0.0668 0.0751 0.0764 0.2998
"TCGA.DK.A6B1.01A.12R.A30C.07" 0.0928 0.0795 0.0795 0.0599 0.0586 0.0587 0.2069 0.3641
"TCGA.DK.A6B2.01A.11R.A30C.07" 0.087 0.0795 0.079 0.136 0.1316 0.1326 0.2667 0.0876
"TCGA.DK.A6B5.01A.11R.A31N.07" 0.0511 0.0616 0.0641 0.0843 0.0787 0.0826 0.3164 0.2612
"TCGA.DK.A6B6.01A.11R.A30C.07" 0.0669 0.0828 0.0876 0 0 0 0.1439 0.6188
"TCGA.DK.AA6L.01A.11R.A39I.07" 0.0455 0.0529 0.0503 0.0667 0.0639 0.0557 0.3256 0.3395
"TCGA.DK.AA6M.01A.11R.A39I.07" 0.1188 0.1125 0.1141 0.0365 0.0321 0.0333 0.201 0.3516
"TCGA.DK.AA6P.01A.11R.A39I.07" 0 0 0 0.0662 0.065 0.0706 0.341 0.4572
"TCGA.DK.AA6Q.01A.11R.A39I.07" 0.1149 0.1423 0.1342 0.0386 0.0395 0.0366 0.1947 0.2991
"TCGA.DK.AA6R.01A.11R.A42T.07" 0.0293 0.0345 0.0301 0.0599 0.0586 0.0586 0.2706 0.4585
"TCGA.DK.AA6S.01A.21R.A39I.07" 0.0629 0.0739 0.0741 0.0448 0.0445 0.0437 0.3161 0.3399
"TCGA.DK.AA6T.01A.11R.A39I.07" 0.2977 0.3629 0.3394 0 0 0 0 0
"TCGA.DK.AA6U.01A.11R.A39I.07" 0.0402 0.049 0.0483 0.0339 0.0319 0.0328 0.6385 0.1253
"TCGA.DK.AA6W.01A.12R.A39I.07" 0.0157 0.0182 0.018 0.255 0.2332 0.24 0.0893 0.1307
"TCGA.DK.AA6X.01A.12R.A42T.07" 0.0789 0.0992 0.1013 0.0501 0.0471 0.0493 0.4037 0.1704
"TCGA.DK.AA71.01A.31R.A39I.07" 0 0 0 0.0838 0.0801 0.0811 0.2633 0.4917
"TCGA.DK.AA74.01A.11R.A39I.07" 0.0416 0.0489 0.0488 0.1307 0.1316 0.127 0.2238 0.2477
"TCGA.DK.AA75.01A.11R.A39I.07" 0.0426 0.058 0.054 0.0526 0.0466 0.0467 0.4163 0.2833
"TCGA.DK.AA76.01A.11R.A39I.07" 0 0 0 0.1358 0.1429 0.1291 0.3762 0.216
"TCGA.DK.AA77.01A.11R.A39I.07" 0.0605 0.078 0.0854 0.1238 0.1286 0.1407 0.0636 0.3193
"TCGA.E5.A2PC.01A.11R.A206.07" 0.0519 0.0634 0.0593 0.0655 0.0704 0.0635 0.2084 0.4176
"TCGA.E5.A4TZ.01A.11R.A31N.07" 0.0482 0.0614 0.0639 0.1086 0.1024 0.1068 0.3258 0.1828
"TCGA.E5.A4U1.01A.11R.A31N.07" 0.0076 0.009 0.0098 0.051 0.0401 0.043 0.3915 0.448
"TCGA.E7.A3X6.01A.12R.A22U.07" 0.0453 0.0579 0.0565 0.1004 0.0943 0.0976 0.0945 0.4535
"TCGA.E7.A3Y1.01A.11R.A22U.07" 0.0561 0.0677 0.0723 0.1121 0.0969 0.1262 0.0903 0.3783
"TCGA.E7.A4IJ.01A.31R.A26T.07" 0.0445 0.0515 0.05 0.0585 0.0496 0.0524 0.408 0.2855
"TCGA.E7.A4XJ.01A.11R.A26T.07" 0.065 0.0805 0.0921 0.0475 0.0438 0.0482 0.2527 0.3701
"TCGA.E7.A519.01A.11R.A26T.07" 0.1502 0.1805 0.195 0 0 0 0.083 0.3913
"TCGA.E7.A541.01A.11R.A26T.07" 0.1387 0.1367 0.1347 0.052 0.046 0.0495 0.1837 0.2588
"TCGA.E7.A5KE.01A.11R.A28M.07" 0 0 0 0.1096 0.0986 0.1151 0.5714 0.1053
"TCGA.E7.A5KF.01A.11R.A28M.07" 0.0581 0.0678 0.077 0.1146 0.104 0.1188 0.1073 0.3524
"TCGA.E7.A677.01A.11R.A30C.07" 0.0761 0.0939 0.0912 0.0585 0.0629 0.0543 0.1983 0.3647
"TCGA.E7.A678.01A.11R.A30C.07" 0.124 0.1449 0.1404 0.119 0.0999 0.1245 0.0164 0.2309
"TCGA.E7.A6MD.01A.41R.A352.07" 0.1436 0.1676 0.1508 0.1116 0.1081 0.1083 0.1066 0.1034
"TCGA.E7.A6ME.01A.22R.A32O.07" 0.0753 0.0804 0.0875 0.151 0.1315 0.1428 0.2486 0.0829
"TCGA.E7.A6MF.01A.12R.A32O.07" 0.0195 0.0158 0.0152 0.3129 0.2774 0.3102 0.016 0.033
"TCGA.E7.A7DU.01A.11R.A32O.07" 0.0469 0.0589 0.0617 0.1113 0.1002 0.118 0.1235 0.3795
"TCGA.E7.A7DV.01A.11R.A33J.07" 0.0636 0.0599 0.0596 0.0738 0.0657 0.0661 0.0947 0.5166
"TCGA.E7.A7PW.01A.11R.A352.07" 0.1144 0.1439 0.1321 0.0476 0.0459 0.0481 0.1946 0.2735
"TCGA.E7.A7XN.01A.11R.A352.07" 0.0922 0.0978 0.1081 0.0426 0.0425 0.0415 0.0592 0.5162
"TCGA.E7.A85H.01A.11R.A352.07" 0.0482 0.0636 0.058 0.0867 0.078 0.1097 0.1696 0.3861
"TCGA.E7.A8O7.01A.11R.A36F.07" 0.0763 0.1006 0.0893 0.0493 0.048 0.0449 0.2809 0.3106
"TCGA.E7.A8O8.01A.11R.A36F.07" 0.0604 0.0889 0.0798 0.026 0.0226 0.0234 0.1622 0.5367
"TCGA.E7.A97P.01A.11R.A38B.07" 0.0645 0.0747 0.077 0.115 0.1198 0.1107 0.0705 0.3676
"TCGA.E7.A97Q.01A.11R.A38B.07" 0.0453 0.0431 0.0455 0.1239 0.1212 0.1259 0.4483 0.0468
"TCGA.FD.A3B3.01A.12R.A206.07" 0.1038 0.122 0.1228 0.0911 0.0915 0.0895 0.1398 0.2395
"TCGA.FD.A3B4.01A.12R.A206.07" 0.1718 0.1569 0.1554 0.0402 0.0401 0.0391 0.1731 0.2235
"TCGA.FD.A3B5.01A.11R.A20F.07" 0.0126 0.0154 0.0171 0.0644 0.0639 0.0627 0.2996 0.4643
"TCGA.FD.A3B6.01A.21R.A20F.07" 0.1067 0.1264 0.1241 0.0639 0.0717 0.0627 0.0792 0.3653
"TCGA.FD.A3B7.01A.31R.A20F.07" 0.1201 0.1411 0.1409 0.0563 0.056 0.0557 0.1739 0.256
"TCGA.FD.A3B8.01A.31R.A20F.07" 0.143 0.1681 0.1691 0.0862 0.087 0.0848 0.1027 0.1591
"TCGA.FD.A3N5.01A.11R.A21D.07" 0.0817 0.1009 0.0974 0.0436 0.0446 0.0427 0.1796 0.4095
"TCGA.FD.A3N6.01A.11R.A21D.07" 0.075 0.0932 0.0936 0.0467 0.0447 0.0473 0.1854 0.4141
"TCGA.FD.A3NA.01A.11R.A21D.07" 0.0157 0.0188 0.0194 0.197 0.1926 0.1918 0.1975 0.1672
"TCGA.FD.A3SJ.01A.12R.A22U.07" 6e-04 6e-04 6e-04 0.1128 0.1298 0.1026 0.3147 0.3382
"TCGA.FD.A3SL.01A.21R.A22U.07" 0.0107 0.0095 0.0097 0.2545 0.2503 0.2218 0.1942 0.0493
"TCGA.FD.A3SM.01A.11R.A22U.07" 0 0 0 0.0699 0.0681 0.064 0.5753 0.2227
"TCGA.FD.A3SN.01A.12R.A22U.07" 0 0 0 0.0774 0.0753 0.0706 0.3963 0.3804
"TCGA.FD.A3SO.01A.11R.A22U.07" 0.0756 0.0891 0.0893 0.0651 0.0647 0.0648 0.2321 0.3194
"TCGA.FD.A3SP.01A.31R.A22U.07" 0.0718 0.0838 0.0838 0.0867 0.0873 0.0858 0.2936 0.2072
"TCGA.FD.A3SQ.01A.21R.A22U.07" 0.0536 0.063 0.0632 0.0961 0.0958 0.0977 0.3624 0.1683
"TCGA.FD.A3SR.01A.11R.A22U.07" 0.0508 0.0636 0.0603 0.1163 0.1021 0.1139 0.3681 0.1249
"TCGA.FD.A3SS.01A.12R.A22U.07" 0.0279 0.0358 0.0325 0.0626 0.0663 0.0564 0.4321 0.2865
"TCGA.FD.A43N.01A.11R.A23W.07" 0.0662 0.0782 0.0791 0.1089 0.1076 0.1064 0.3313 0.1222
"TCGA.FD.A43P.01A.31R.A23W.07" 0.2007 0.2282 0.2458 0.0276 0.0271 0.0269 0.0926 0.151
"TCGA.FD.A43S.01A.21R.A23W.07" 0.1916 0.2205 0.1946 0.0763 0.072 0.0835 0 0.1616
"TCGA.FD.A43U.01A.11R.A23W.07" 0.0802 0.0941 0.094 0.0846 0.0839 0.0836 0.0918 0.3878
"TCGA.FD.A43X.01A.11R.A23W.07" 0.0578 0.0704 0.077 0.1198 0.1108 0.111 0.1012 0.352
"TCGA.FD.A43Y.01A.21R.A26T.07" 0 0 0 0.063 0.0643 0.0579 0.325 0.4898
"TCGA.FD.A5BR.01A.11R.A26T.07" 0.1008 0.1178 0.1193 0.1275 0.1233 0.1421 0.1003 0.1689
"TCGA.FD.A5BS.01A.21R.A26T.07" 0.1071 0.1231 0.1097 0.06 0.0596 0.0589 0.0655 0.4161
"TCGA.FD.A5BT.01A.11R.A26T.07" 0.0892 0.0759 0.0758 0.063 0.0619 0.0621 0.0862 0.4859
"TCGA.FD.A5BU.01A.31R.A26T.07" 0.0425 0.0501 0.0502 0.1184 0.1201 0.1163 0.2452 0.257
"TCGA.FD.A5BV.01A.11R.A26T.07" 0.0542 0.0533 0.0563 0.1267 0.117 0.1093 0.2428 0.2404
"TCGA.FD.A5BX.01A.11R.A26T.07" 0.0369 0.0432 0.0435 0.1172 0.0465 0.0542 0.0491 0.6094
"TCGA.FD.A5BY.01A.31R.A28M.07" 0 0 0 0.0911 0.0858 0.0894 0.5284 0.2053
"TCGA.FD.A5BZ.01A.11R.A28M.07" 0.0155 0.0181 0.0181 0.2088 0.208 0.2073 0.1926 0.1317
"TCGA.FD.A5C0.01A.11R.A28M.07" 0 0 0 0.2459 0.2166 0.2392 0.2485 0.0498
"TCGA.FD.A5C1.01A.11R.A28M.07" 0.0326 0.0379 0.0386 0.1327 0.1333 0.1319 0.1706 0.3224
"TCGA.FD.A62N.01A.11R.A30C.07" 0.108 0.1259 0.1273 0.0901 0.0906 0.0881 0.1085 0.2616
"TCGA.FD.A62O.01A.11R.A30C.07" 0.0095 0.0112 0.0116 0.2239 0.2148 0.2489 0.1963 0.0839
"TCGA.FD.A62P.01A.32R.A30C.07" 0.0361 0.0322 0.0325 0.1809 0.1784 0.179 0.1731 0.1879
"TCGA.FD.A62S.01A.11R.A30C.07" 0.0466 0.0544 0.0544 0.0847 0.0854 0.0843 0.3405 0.2497
"TCGA.FD.A6TA.01A.12R.A33J.07" 0.0658 0.0587 0.0605 0.1138 0.1153 0.1121 0.3433 0.1304
"TCGA.FD.A6TB.01A.12R.A33J.07" 0.1877 0.2261 0.2234 0.0769 0.0737 0.0752 0.0708 0.0663
"TCGA.FD.A6TC.01A.21R.A33J.07" 0 0 0 0.1919 0.1931 0.1891 0.2526 0.1733
"TCGA.FD.A6TD.01A.51R.A33J.07" 0.0473 0.0559 0.0567 0.0864 0.0865 0.0844 0.2068 0.3759
"TCGA.FD.A6TE.01A.12R.A33J.07" 0.0773 0.0927 0.0882 0.0434 0.0448 0.0396 0.3167 0.2974
"TCGA.FD.A6TF.01A.52R.A32O.07" 0.0054 0.0063 0.0065 0.2634 0.2429 0.2336 0.1663 0.0756
"TCGA.FD.A6TG.01A.11R.A32O.07" 0.0147 0.0174 0.0176 0.1945 0.2075 0.213 0.2413 0.0941
"TCGA.FD.A6TH.01A.11R.A32O.07" 0.0196 0.0221 0.0249 0.0681 0.0688 0.0626 0.4725 0.2613
"TCGA.FD.A6TI.01A.11R.A32O.07" 0.0959 0.1177 0.1219 0.054 0.0508 0.0568 0.1917 0.3111
"TCGA.FD.A6TK.01A.42R.A33J.07" 0.0245 0.0289 0.0286 0.0874 0.0927 0.0825 0.2843 0.3711
"TCGA.FJ.A3Z7.01A.12R.A23N.07" 0.0662 0.0846 0.0834 0.1161 0.1081 0.106 0.2954 0.1402
"TCGA.FJ.A3Z9.01A.11R.A26T.07" 0.0883 0.1151 0.1297 0.0476 0.0436 0.0482 0.1336 0.394
"TCGA.FJ.A3ZE.01A.11R.A23N.07" 0 0 0 0.2771 0.2555 0.2446 0.1142 0.1086
"TCGA.FJ.A3ZF.01A.11R.A23N.07" 0 0 0 0.1423 0.1309 0.1513 0.4454 0.1302
"TCGA.FJ.A871.01A.11R.A352.07" 0 0 0 0.0579 0.0579 0.0589 0.2202 0.605
"TCGA.FT.A3EE.01A.11R.A206.07" 0.0408 0.0451 0.0446 0.1867 0.161 0.1771 0.0884 0.2562
"TCGA.FT.A61P.01A.11R.A30C.07" 0.0506 0.0585 0.0594 0.0596 0.0599 0.0582 0.3666 0.2871
"TCGA.G2.A2EC.01A.11R.A180.07" 0.0953 0.1124 0.1117 0.1129 0.1105 0.1122 0.2377 0.1073
"TCGA.G2.A2EF.01A.12R.A18C.07" 0.0213 0.0211 0.0225 0.1143 0.1002 0.0999 0.1087 0.512
"TCGA.G2.A2EJ.01A.11R.A180.07" 0.03 0.0374 0.0305 0.0706 0.0662 0.0659 0.2313 0.468
"TCGA.G2.A2EK.01A.22R.A18C.07" 0.1121 0.1502 0.1271 0.0429 0.0412 0.0528 0.2819 0.1918
"TCGA.G2.A2EL.01A.12R.A18C.07" 0 0 0 0.1548 0.1845 0.1387 0.2526 0.2694
"TCGA.G2.A2EO.01A.11R.A180.07" 0.0449 0.0395 0.0397 0.2056 0.201 0.2011 0.0817 0.1865
"TCGA.G2.A2ES.01A.11R.A180.07" 0.0651 0.0755 0.0815 0.0725 0.0704 0.0705 0.2257 0.3387
"TCGA.G2.A3IB.01A.11R.A20F.07" 0 0 0 0.0719 0.0691 0.0691 0.4917 0.2983
"TCGA.G2.A3IE.01A.11R.A20F.07" 0.0602 0.0731 0.0711 0.0624 0.0553 0.0594 0.3462 0.2724
"TCGA.G2.A3VY.01A.11R.A22U.07" 3e-04 3e-04 3e-04 0.0021 0.0019 0.0023 0.9926 0
"TCGA.G2.AA3B.01A.11R.A39I.07" 0.0451 0.0526 0.0501 0.0444 0.0397 0.0393 0.3588 0.37
"TCGA.G2.AA3C.01A.21R.A39I.07" 0.0826 0.0725 0.0725 0.074 0.0686 0.0649 0.0743 0.4906
"TCGA.G2.AA3D.01A.11R.A39I.07" 0 0 0 0.0616 0.0537 0.0585 0.4257 0.4005
"TCGA.G2.AA3F.01A.12R.A42T.07" 0 0 0 0.1575 0.1468 0.1629 0.2812 0.2516
"TCGA.GC.A3BM.11A.11R.A22U.07" 0.0289 0.0325 0.0356 0.2552 0.2303 0.3046 0.058 0.0549
"TCGA.GC.A3BM.01A.11R.A22U.07" 0.05 0.062 0.0616 0.1351 0.1204 0.1207 0.0976 0.3526
"TCGA.GC.A3I6.01A.11R.A20F.07" 0.0557 0.052 0.0502 0.1572 0.1533 0.1535 0.1833 0.1948
"TCGA.GC.A3OO.01A.11R.A22U.07" 0.0326 0.0391 0.0391 0.1022 0.1104 0.096 0.2892 0.2914
"TCGA.GC.A3RB.01A.12R.A220.07" 0 0 0 0.1389 0.1177 0.1208 0.3675 0.2551
"TCGA.GC.A3RC.01A.11R.A22U.07" 0.0919 0.1181 0.1123 0.0861 0.0918 0.0741 0.2586 0.1672
"TCGA.GC.A3RD.01A.12R.A22U.07" 0.0553 0.0466 0.0477 0.156 0.1457 0.1484 0.0998 0.3005
"TCGA.GC.A3WC.11A.11R.A22U.07" 0.2489 0.2952 0.2704 0.0244 0.0236 0.0218 0.0694 0.0462
"TCGA.GC.A3WC.01A.31R.A22U.07" 0.1424 0.1783 0.1623 0.0812 0.0877 0.0774 0.0846 0.1861
"TCGA.GC.A3YS.01A.11R.A23N.07" 0.0188 0.0165 0.0166 0.1332 0.1314 0.1311 0.4127 0.1397
"TCGA.GC.A4ZW.01A.11R.A26T.07" 0.1044 0.1168 0.1208 0.0418 0.0504 0.0393 0.3013 0.2252
"TCGA.GC.A6I1.01A.12R.A31N.07" 0.124 0.1426 0.1435 0.0599 0.0513 0.0559 0 0.4228
"TCGA.GC.A6I3.11A.11R.A31N.07" 0.2642 0.3088 0.3097 0.0163 0.0154 0.0174 0 0.0683
"TCGA.GC.A6I3.01A.11R.A31N.07" 0.1025 0.0932 0.0939 0.061 0.0591 0.0602 0.1936 0.3367
"TCGA.GD.A2C5.11A.11R.A180.07" 0.2052 0.2449 0.2392 0.0469 0.0428 0.0494 0.0932 0.0785
"TCGA.GD.A2C5.01A.12R.A180.07" 0.0176 0.0164 0.0172 0.1118 0.1075 0.1093 0.3397 0.2806
"TCGA.GD.A3OP.11A.11R.A220.07" 0.005 0.0059 0.0052 0.2489 0.2447 0.2506 0.1283 0.1114
"TCGA.GD.A3OP.01A.21R.A220.07" 0.0365 0.0403 0.0448 0.1522 0.1426 0.1459 0.3847 0.053
"TCGA.GD.A3OQ.11A.21R.A220.07" 0.0337 0.0393 0.0351 0.1702 0.1605 0.1563 0.2086 0.1963
"TCGA.GD.A3OQ.01A.32R.A220.07" 0.042 0.0515 0.0582 0.0518 0.0503 0.047 0.2736 0.4256
"TCGA.GD.A3OS.01A.12R.A220.07" 0.0578 0.0674 0.0674 0.0581 0.0579 0.0575 0.2918 0.3422
"TCGA.GD.A6C6.01A.21R.A31N.07" 0 0 0 0.1288 0.1153 0.1153 0.2098 0.4309
"TCGA.GD.A76B.01A.11R.A32O.07" 0.1751 0.2155 0.2013 0.0473 0.0441 0.0469 0.0679 0.2018
"TCGA.GU.A42P.01A.11R.A23W.07" 0.0631 0.0725 0.0875 0.0534 0.0476 0.0547 0.2833 0.338
"TCGA.GU.A42Q.01A.11R.A23W.07" 0.0302 0.036 0.0347 0.08 0.0767 0.0774 0.2635 0.4015
"TCGA.GU.A42R.01A.11R.A23N.07" 0.0036 0.0045 0.0049 0.0564 0.0489 0.0528 0.5341 0.2949
"TCGA.GU.A762.01A.11R.A33J.07" 0.0931 0.112 0.1108 0.0606 0.0584 0.0588 0.0944 0.4118
"TCGA.GU.A763.01A.11R.A32O.07" 0.0535 0.066 0.0622 0.1545 0.1329 0.162 0.0579 0.3109
"TCGA.GU.A764.01A.11R.A352.07" 0.069 0.0812 0.0823 0.0778 0.0756 0.0763 0.2306 0.307
"TCGA.GU.A766.01A.11R.A32O.07" 0.114 0.1494 0.1287 0.0205 0.0235 0.0194 0 0.5445
"TCGA.GU.A767.01A.11R.A32O.07" 0.0176 0.0231 0.0226 0.2355 0.2173 0.2676 0.0811 0.1354
"TCGA.GU.AATO.01A.11R.A39I.07" 0.0838 0.0877 0.0839 0.0813 0.0752 0.0806 0.1871 0.3204
"TCGA.GU.AATP.01A.11R.A39I.07" 0.0152 0.0133 0.0134 0.1629 0.1618 0.162 0.3709 0.1006
"TCGA.GU.AATQ.01A.11R.A39I.07" 0.0396 0.0475 0.0508 0.068 0.0661 0.0626 0.2689 0.3965
"TCGA.GV.A3JV.01A.11R.A220.07" 0.0641 0.075 0.0747 0.1199 0.115 0.1168 0.1701 0.2644
"TCGA.GV.A3JW.01A.11R.A20F.07" 0 0 0 0.0735 0.0677 0.0703 0.3789 0.4097
"TCGA.GV.A3JX.01A.11R.A20F.07" 0.034 0.0377 0.038 0.1926 0.1675 0.175 0.1575 0.1977
"TCGA.GV.A3JZ.01A.11R.A21D.07" 0.0049 0.0068 0.0063 0.1228 0.1065 0.116 0.37 0.2667
"TCGA.GV.A3QF.01A.31R.A22U.07" 0.0872 0.1141 0.1109 0.0303 0.0311 0.0273 0.2028 0.3963
"TCGA.GV.A3QG.01A.11R.A220.07" 0.233 0.275 0.2725 0.0333 0.033 0.0337 0.0421 0.0774
"TCGA.GV.A3QH.01A.11R.A220.07" 0.0409 0.0488 0.0489 0.0782 0.0831 0.0705 0.4014 0.2281
"TCGA.GV.A3QI.01A.11R.A220.07" 0.0194 0.0246 0.0237 0.1462 0.1418 0.1312 0.289 0.2241
"TCGA.GV.A3QK.01B.11R.A23N.07" 0.0892 0.1062 0.1051 0.1372 0.1432 0.1282 0.1389 0.1521
"TCGA.GV.A40E.01A.12R.A23N.07" 0 0 0 0.0683 0.0768 0.0653 0.329 0.4606
"TCGA.GV.A40G.01A.11R.A23N.07" 0.0647 0.0565 0.0542 0.0505 0.0559 0.0481 0.2381 0.432
"TCGA.GV.A6ZA.01A.12R.A33J.07" 0.0978 0.1115 0.1077 0.0783 0.0757 0.0914 0.0664 0.3712
"TCGA.H4.A2HO.01A.11R.A180.07" 0.1843 0.1579 0.1579 0.0771 0.076 0.0761 0.1241 0.1465
"TCGA.H4.A2HQ.01A.11R.A180.07" 0.0319 0.0409 0.0388 0.0316 0.034 0.0282 0.5272 0.2673
"TCGA.HQ.A2OE.01A.11R.A206.07" 0.0023 0.0028 0.0027 0.3567 0.3076 0.3044 0.0101 0.0134
"TCGA.HQ.A2OF.01A.11R.A26T.07" 0 0 0 0.1601 0.139 0.1692 0.3094 0.2222
"TCGA.HQ.A5ND.01A.11R.A26T.07" 0.0158 0.02 0.0209 0.0626 0.0725 0.0568 0.2864 0.4649
"TCGA.HQ.A5NE.01A.12R.A28M.07" 0.056 0.067 0.0652 0.153 0.1466 0.1394 0.2539 0.1187
"TCGA.K4.A3WS.01A.11R.A22U.07" 0.0541 0.0635 0.0637 0.1631 0.1635 0.1591 0.2302 0.1029
"TCGA.K4.A3WU.01B.11R.A23N.07" 0.2098 0.2538 0.2646 0.0734 0.0678 0.0689 0.0337 0.028
"TCGA.K4.A3WV.11A.21R.A22U.07" 0.1437 0.1744 0.1854 0.0786 0.0727 0.0833 0.1256 0.1364
"TCGA.K4.A3WV.01A.11R.A22U.07" 0.0269 0.0304 0.0325 0.0409 0.0427 0.0363 0.4739 0.3165
"TCGA.K4.A4AB.01B.12R.A28M.07" 0.0115 0.0104 0.0104 0.2371 0.237 0.2289 0.1927 0.0721
"TCGA.K4.A4AC.01A.21R.A26T.07" 0.0226 0.0295 0.0322 0.073 0.064 0.0803 0.2545 0.4438
"TCGA.K4.A54R.11A.11R.A26T.07" 0.0237 0.029 0.0307 0.2818 0.2664 0.2863 0.0363 0.0458
"TCGA.K4.A54R.01A.11R.A26T.07" 0.077 0.0673 0.0672 0.1381 0.1392 0.1369 0.1758 0.1985
"TCGA.K4.A5RH.01A.11R.A30C.07" 0.1329 0.156 0.1585 0.068 0.0679 0.0667 0.0886 0.2614
"TCGA.K4.A5RI.11A.11R.A28M.07" 0.21 0.2438 0.2129 0.1029 0.0987 0.0897 0 0.0419
"TCGA.K4.A5RI.01A.11R.A28M.07" 0 0 0 0.0757 0.0763 0.0725 0.4032 0.3723
"TCGA.K4.A5RJ.01A.11R.A28M.07" 0.1724 0.2188 0.1812 0.0794 0.0826 0.0776 0 0.188
"TCGA.K4.A6FZ.01A.11R.A31N.07" 0.0934 0.1275 0.1168 0.0419 0.042 0.0373 0.1945 0.3467
"TCGA.K4.A6MB.01A.11R.A31N.07" 0.0021 0.0025 0.0025 0.2162 0.2147 0.2186 0.2837 0.0596
"TCGA.K4.A83P.01A.11R.A352.07" 0.2457 0.2823 0.2517 0.0379 0.0387 0.0335 0.0254 0.0848
"TCGA.K4.AAQO.01A.11R.A38B.07" 0.0686 0.0809 0.0741 0.1516 0.1411 0.1337 0.2031 0.1469
"TCGA.KQ.A41N.01A.11R.A33J.07" 0.0745 0.0877 0.0872 0.0703 0.06 0.064 0.187 0.3694
"TCGA.KQ.A41O.01A.12R.A352.07" 0 0 0 0.1014 0.0888 0.0874 0.2543 0.4682
"TCGA.KQ.A41P.01A.12R.A33J.07" 0.0224 0.0213 0.0205 0.0842 0.08 0.0813 0.5131 0.1771
"TCGA.KQ.A41Q.01A.11R.A33J.07" 0.0768 0.0937 0.1056 0.0764 0.0793 0.0713 0.3187 0.1783
"TCGA.KQ.A41R.01A.21R.A352.07" 0.0555 0.0668 0.0647 0.0528 0.0506 0.0506 0.2572 0.4018
"TCGA.KQ.A41S.01A.12R.A33J.07" 0.0106 0.0122 0.0108 0.217 0.2152 0.2144 0.2328 0.0869
"TCGA.LC.A66R.01A.41R.A30C.07" 0.1646 0.1597 0.1508 0.0262 0.0277 0.0236 0.1558 0.2916
"TCGA.LT.A5Z6.01A.11R.A28M.07" 0.0429 0.0577 0.0508 0.0979 0.0884 0.089 0.2281 0.3452
"TCGA.LT.A8JT.01A.11R.A36F.07" 0.1572 0.2091 0.1815 0.0463 0.0404 0.0427 0.1016 0.2211
"TCGA.MV.A51V.01A.11R.A26T.07" 0.0553 0.0697 0.0672 0.0753 0.0666 0.0667 0.2115 0.3876
"TCGA.PQ.A6FI.01A.11R.A31N.07" 0.0337 0.0434 0.0443 0.0564 0.0539 0.0545 0.1024 0.6114
"TCGA.PQ.A6FN.01A.11R.A31N.07" 0.011 0.0098 0.01 0.0756 0.0749 0.0765 0.2357 0.5066
"TCGA.R3.A69X.01A.22R.A30C.07" 0.0731 0.0873 0.0862 0.1505 0.146 0.1435 0.2124 0.101
"TCGA.S5.A6DX.01A.11R.A31N.07" 0.1176 0.1012 0.0989 0.1154 0.1136 0.1153 0.0395 0.2985
"TCGA.S5.AA26.01A.11R.A38B.07" 0 0 0 0.2472 0.2196 0.2516 0.0592 0.2224
"TCGA.SY.A9G0.01A.12R.A38B.07" 0.0765 0.0906 0.0917 0.1313 0.1236 0.1152 0.1805 0.1906
"TCGA.SY.A9G5.01A.11R.A38B.07" 0.0371 0.0324 0.0323 0.2101 0.2121 0.2086 0.1012 0.1662
"TCGA.UY.A78K.01A.11R.A33J.07" 0.2422 0.262 0.2779 0.0255 0.0221 0.0248 0.0086 0.137
"TCGA.UY.A78L.01A.12R.A33J.07" 0.001 0.0012 0.0013 0.0297 0.0296 0.0295 0.5663 0.3414
"TCGA.UY.A78M.01A.21R.A352.07" 0 0 0 0.2078 0.2225 0.2033 0.2103 0.1562
"TCGA.UY.A78N.01A.12R.A33J.07" 0.0018 0.0022 0.0022 0.2429 0.2186 0.2478 0.2064 0.078
"TCGA.UY.A78O.01A.12R.A33J.07" 0.061 0.0557 0.0583 0.084 0.0697 0.0869 0.2182 0.3663
"TCGA.UY.A78P.01A.12R.A36F.07" 0.0666 0.064 0.0637 0.1642 0.1597 0.1582 0.0462 0.2773
"TCGA.UY.A8OB.01A.12R.A42T.07" 0.0411 0.0522 0.0515 0.0503 0.0483 0.0482 0.1919 0.5165
"TCGA.UY.A8OC.01A.11R.A36F.07" 0 0 0 0.1074 0.107 0.0992 0.399 0.2875
"TCGA.UY.A8OD.01A.11R.A36F.07" 0.068 0.0679 0.0611 0.1133 0.109 0.0939 0.2311 0.2558
"TCGA.UY.A9PA.01A.11R.A38B.07" 0.0598 0.0824 0.0707 0.1427 0.1395 0.1547 0.0982 0.252
"TCGA.UY.A9PB.01A.11R.A38B.07" 0.0685 0.081 0.08 0.0582 0.0584 0.0571 0.2448 0.352
"TCGA.UY.A9PD.01A.11R.A38B.07" 0.0247 0.0295 0.029 0.1737 0.1698 0.1762 0.3035 0.0936
"TCGA.UY.A9PE.01A.11R.A38B.07" 0.0018 0.0021 0.0023 0.08 0.076 0.0765 0.6317 0.1298
"TCGA.UY.A9PF.01A.11R.A38B.07" 0.1619 0.1487 0.1453 0.0432 0.0413 0.0443 0.336 0.0793
"TCGA.UY.A9PH.01A.11R.A38B.07" 0.1049 0.1347 0.1235 0.0771 0.0783 0.0763 0.0791 0.3261
"TCGA.XF.A8HB.01A.11R.A36F.07" 0.0932 0.1101 0.1045 0.0782 0.0676 0.0711 0.1231 0.3522
"TCGA.XF.A8HC.01A.11R.A36F.07" 0.0475 0.0459 0.0452 0.0732 0.0633 0.0635 0.4324 0.2289
"TCGA.XF.A8HD.01A.11R.A36F.07" 0.1013 0.113 0.1008 0.0367 0.0412 0.0341 0.1634 0.4097
"TCGA.XF.A8HE.01A.11R.A36F.07" 0.0376 0.0455 0.0458 0.1469 0.1485 0.1462 0.1442 0.2854
"TCGA.XF.A8HF.01A.11R.A36F.07" 9e-04 8e-04 8e-04 0.1972 0.175 0.1959 0.346 0.0833
"TCGA.XF.A8HG.01A.11R.A36F.07" 0.1377 0.1625 0.168 0.0488 0.043 0.051 0.1772 0.2118
"TCGA.XF.A8HH.01A.11R.A38B.07" 0.0021 0.0024 0.0027 0.2679 0.2585 0.2588 0.1504 0.0572
"TCGA.XF.A8HI.01A.11R.A38B.07" 0.0915 0.1087 0.1042 0.1063 0.0962 0.0941 0.1198 0.2791
"TCGA.XF.A9SH.01A.11R.A39I.07" 0.0845 0.1019 0.1015 0.0811 0.0726 0.0822 0.0899 0.3864
"TCGA.XF.A9SI.01A.11R.A39I.07" 0.2747 0.3184 0.2768 0.027 0.0287 0.0295 5e-04 0.0444
"TCGA.XF.A9SJ.01A.11R.A39I.07" 0.0656 0.075 0.0825 0.0516 0.0466 0.0464 0.1367 0.4955
"TCGA.XF.A9SK.01A.11R.A42T.07" 0.0175 0.0153 0.0154 0.1172 0.1178 0.1166 0.3768 0.2234
"TCGA.XF.A9SL.01A.11R.A39I.07" 0.2008 0.176 0.178 0.0617 0.0578 0.0546 0.1068 0.1643
"TCGA.XF.A9SM.01A.11R.A42T.07" 0.1092 0.1277 0.1279 0.0782 0.0783 0.0761 0.1276 0.275
"TCGA.XF.A9SP.01A.11R.A39I.07" 0.0297 0.0348 0.0348 0.2225 0.2193 0.2187 0.1778 0.0624
"TCGA.XF.A9ST.01A.11R.A42T.07" 0.0634 0.0754 0.0759 0.0526 0.0466 0.0508 0.1815 0.4537
"TCGA.XF.A9SU.01A.31R.A39I.07" 0.0071 0.0083 0.0084 0.1767 0.1892 0.1924 0.2023 0.2158
"TCGA.XF.A9SV.01A.21R.A42T.07" 0 0 0 0.2463 0.2438 0.2477 0.1691 0.0932
"TCGA.XF.A9SW.01A.11R.A42T.07" 0.0234 0.0206 0.0208 0.2308 0.2165 0.2045 0.0954 0.188
"TCGA.XF.A9SX.01A.21R.A39I.07" 0.0822 0.0945 0.0844 0.1075 0.1079 0.1052 0.2103 0.2081
"TCGA.XF.A9SY.01A.21R.A42T.07" 0.0431 0.0511 0.0508 0.059 0.0577 0.0567 0.2411 0.4405
"TCGA.XF.A9SZ.01A.11R.A39I.07" 0 0 0 0.2103 0.2071 0.206 0.2706 0.106
"TCGA.XF.A9T0.01A.11R.A39I.07" 0.0756 0.0703 0.0688 0.078 0.075 0.0763 0.3505 0.2055
"TCGA.XF.A9T2.01A.11R.A42T.07" 0 0 0 0.2098 0.2052 0.2066 0.1616 0.2168
"TCGA.XF.A9T3.01A.11R.A42T.07" 0.0328 0.0385 0.0386 0.1833 0.1709 0.162 0.2391 0.1349
"TCGA.XF.A9T4.01A.11R.A39I.07" 0.0705 0.0847 0.0879 0.0518 0.0522 0.0465 0.1897 0.4166
"TCGA.XF.A9T5.01A.11R.A42T.07" 0.1423 0.1501 0.1493 0.0646 0.0638 0.064 0 0.366
"TCGA.XF.A9T6.01A.11R.A42T.07" 0.0701 0.0882 0.0979 0.089 0.0788 0.0807 0.1028 0.3924
"TCGA.XF.A9T8.01A.11R.A39I.07" 0.1078 0.1285 0.1282 0.0546 0.0546 0.0538 0.1205 0.3518
"TCGA.XF.AAME.01A.12R.A42T.07" 0.1739 0.1994 0.1752 0.0786 0.0791 0.0774 0.1103 0.1061
"TCGA.XF.AAMG.01A.11R.A42T.07" 0.0246 0.0299 0.0313 0.0758 0.0732 0.0735 0.4243 0.2675
"TCGA.XF.AAMH.01A.11R.A42T.07" 0 0 0 0.0964 0.0867 0.0977 0.3004 0.4189
"TCGA.XF.AAMJ.01A.11R.A42T.07" 0.0317 0.037 0.037 0.1074 0.107 0.1066 0.2625 0.3106
"TCGA.XF.AAML.01A.11R.A42T.07" 0.1213 0.1448 0.1363 0.0473 0.0413 0.0459 0.1625 0.3007
"TCGA.XF.AAMQ.01A.11R.A42T.07" 0.1206 0.1595 0.149 0.0665 0.0579 0.0598 0.1285 0.2582
"TCGA.XF.AAMR.01A.31R.A42T.07" 0.0421 0.0386 0.0395 0.1718 0.1592 0.1513 0.2183 0.1792
"TCGA.XF.AAMT.01A.11R.A42T.07" 0 0 0 0.1604 0.1617 0.1587 0.3628 0.1563
"TCGA.XF.AAMW.01A.11R.A42T.07" 0.0459 0.0558 0.0568 0.0609 0.0626 0.0554 0.2948 0.3677
"TCGA.XF.AAMX.01A.11R.A42T.07" 0 0 0 0.2272 0.2235 0.2307 0.2075 0.1111
"TCGA.XF.AAMY.01A.11R.A42T.07" 0.0154 0.0183 0.0182 0.2183 0.2151 0.2158 0.1888 0.1101
"TCGA.XF.AAMZ.01A.11R.A42T.07" 0.1221 0.1652 0.1678 0.1136 0.1211 0.1064 0.0853 0.1185
"TCGA.XF.AAN0.01A.11R.A42T.07" 0.163 0.2043 0.1865 0.061 0.0572 0.0591 0.0878 0.181
"TCGA.XF.AAN1.01A.31R.A42T.07" 0.0473 0.0575 0.0567 0.0896 0.0774 0.0834 0.1583 0.4298
"TCGA.XF.AAN2.01A.11R.A42T.07" 0.0611 0.0775 0.0727 0.0792 0.081 0.0769 0.1534 0.3982
"TCGA.XF.AAN3.01A.11R.A42T.07" 0.0283 0.0334 0.0295 0.1446 0.1458 0.1413 0.3629 0.1143
"TCGA.XF.AAN4.01A.11R.A42T.07" 0.0818 0.097 0.0982 0.1586 0.1496 0.1435 0.13 0.1413
"TCGA.XF.AAN5.01A.11R.A42T.07" 0.0903 0.1132 0.0966 0.0728 0.0643 0.0675 0.0941 0.4012
"TCGA.XF.AAN7.01A.11R.A42T.07" 0 0 0 0.1803 0.1807 0.1744 0.2655 0.199
"TCGA.XF.AAN8.01A.11R.A42T.07" 0.0436 0.0498 0.0436 0.1916 0.1916 0.1916 0.1027 0.1856
"TCGA.YC.A89H.01A.11R.A36F.07" 0.0363 0.0348 0.0359 0.1665 0.1481 0.1499 0.216 0.2126
"TCGA.YC.A8S6.01A.31R.A38B.07" 0.092 0.1105 0.1092 0.1417 0.13 0.1234 0.1737 0.1196
"TCGA.YC.A9TC.01A.22R.A39I.07" 0 0 0 0.0757 0.0784 0.0672 0.2534 0.5253
"TCGA.YF.AA3L.01A.11R.A38B.07" 0.0864 0.1117 0.1071 0.0701 0.0603 0.0613 0.1545 0.3486
"TCGA.YF.AA3M.01A.11R.A42T.07" 0.1062 0.1288 0.1168 0.0523 0.0459 0.0477 0.1907 0.3116
"TCGA.ZF.A9R0.01A.11R.A38B.07" 0.0203 0.0199 0.0194 0.1898 0.1736 0.2098 0.1852 0.182
"TCGA.ZF.A9R1.01A.11R.A39I.07" 0 0 0 0.0832 0.0889 0.0844 0.3928 0.3507
"TCGA.ZF.A9R2.01A.11R.A39I.07" 0.0016 0.002 0.0022 0.2587 0.2261 0.2235 0.0681 0.2178
"TCGA.ZF.A9R3.01A.11R.A38B.07" 0.0484 0.0668 0.0593 0.0728 0.0629 0.0659 0.2567 0.3672
"TCGA.ZF.A9R4.01A.11R.A38B.07" 0.0441 0.0394 0.0401 0.1059 0.0899 0.094 0.3385 0.2482
"TCGA.ZF.A9R5.01A.12R.A42T.07" 0.024 0.0307 0.0274 0.2456 0.22 0.2887 0.07 0.0937
"TCGA.ZF.A9R7.01A.11R.A38B.07" 0.315 0.2582 0.2453 0 0 0 0 0.1816
"TCGA.ZF.A9R9.01A.11R.A38B.07" 0.0187 0.0172 0.0156 0.1735 0.1713 0.1711 0.286 0.1467
"TCGA.ZF.A9RC.01A.11R.A38B.07" 2e-04 2e-04 2e-04 0.1592 0.1478 0.1398 0.3671 0.1854
"TCGA.ZF.A9RD.01A.11R.A42T.07" 0.1628 0.1625 0.1607 0.0774 0.0766 0.0758 0.0107 0.2736
"TCGA.ZF.A9RE.01A.11R.A38B.07" 0.0192 0.0271 0.0248 0.0519 0.053 0.0504 0.4096 0.3641
"TCGA.ZF.A9RF.01A.11R.A38B.07" 0.1996 0.2129 0.2111 0.0468 0.0419 0.0421 0.0073 0.2384
"TCGA.ZF.A9RL.01A.11R.A38B.07" 0.0246 0.0313 0.0302 0.1358 0.1211 0.1206 0.2792 0.2572
"TCGA.ZF.A9RM.01A.11R.A38B.07" 0.0518 0.063 0.0629 0.076 0.0805 0.0675 0.3754 0.2229
"TCGA.ZF.A9RN.01A.11R.A42T.07" 0.1027 0.086 0.082 0.0744 0.0645 0.0659 0 0.5245
"TCGA.ZF.AA4N.01A.11R.A38B.07" 0.1053 0.1361 0.1324 0.0609 0.0572 0.0637 0.14 0.3044
"TCGA.ZF.AA4R.01A.11R.A38B.07" 0.0156 0.0133 0.0133 0.1294 0.1289 0.1283 0.3264 0.2448
"TCGA.ZF.AA4T.01A.11R.A38B.07" 0.0572 0.0758 0.0699 0.0628 0.0678 0.0591 0.2591 0.3482
"TCGA.ZF.AA4U.01A.11R.A38B.07" 0.0532 0.0694 0.0772 0.0774 0.076 0.0672 0.1153 0.4643
"TCGA.ZF.AA4V.01A.11R.A38B.07" 0.0421 0.0535 0.0493 0.1124 0.1106 0.1108 0.1275 0.3939
"TCGA.ZF.AA4W.01A.12R.A38B.07" 0.0388 0.0468 0.0442 0.0466 0.0453 0.0452 0.2286 0.5045
"TCGA.ZF.AA4X.01A.11R.A38B.07" 0.0527 0.0634 0.0597 0.0513 0.0439 0.046 0.4246 0.2584
"TCGA.ZF.AA51.01A.21R.A39I.07" 0.1193 0.1443 0.1479 0.0974 0.096 0.096 0.1089 0.1903
"TCGA.ZF.AA52.01A.12R.A39I.07" 0.007 0.0081 0.0071 0.231 0.2295 0.2241 0.1875 0.1057
"TCGA.ZF.AA53.01A.11R.A39I.07" 0.0417 0.0364 0.037 0.0767 0.0751 0.0753 0.2558 0.402
"TCGA.ZF.AA54.01A.11R.A39I.07" 0.0617 0.0734 0.0739 0.0896 0.0822 0.0783 0.1004 0.4404
"TCGA.ZF.AA56.01A.31R.A39I.07" 0.095 0.1099 0.1037 0.0917 0.0908 0.0881 0.1977 0.223
"TCGA.ZF.AA58.01A.12R.A42T.07" 0.097 0.1147 0.1125 0.0765 0.0741 0.0737 0.1745 0.2769
"TCGA.ZF.AA5H.01A.11R.A39I.07" 0.1349 0.1402 0.1292 0.0507 0.0465 0.0432 0.2135 0.2419
"TCGA.ZF.AA5N.01A.11R.A42T.07" 0.0088 0.0089 0.0106 0.0571 0.053 0.0591 0.2778 0.5248
"TCGA.ZF.AA5P.01A.11R.A39I.07" 0.0446 0.0529 0.0537 0.169 0.158 0.1496 0.1943 0.178
