"CD4_na" "CD4_cenm" "CD4_efm" "CD8_na" "CD8_cenm" "CD8_efm" "Treg" "T gamma delta"
"TCGA.2W.A8YY.01A.11R.A37O.07" 0.0271 0.036 0.0349 0.1608 0.1379 0.1473 0.1793 0.2767
"TCGA.4J.AA1J.01A.21R.A38B.07" 0 0 0 0.078 0.0739 0.0743 0.4039 0.3699
"TCGA.BI.A0VR.01A.11R.A10U.07" 0.1239 0.1515 0.1291 0.0397 0.0444 0.0381 0.1855 0.2877
"TCGA.BI.A0VS.01A.11R.A10U.07" 0.1115 0.1643 0.1762 0.129 0.1327 0.1147 0.1447 0.0269
"TCGA.BI.A20A.01A.11R.A14Y.07" 0.1039 0.1524 0.1361 0.13 0.1229 0.1224 0.0912 0.1412
"TCGA.C5.A0TN.01A.21R.A14Y.07" 0 0 0 0.1638 0.1149 0.117 0.1437 0.4607
"TCGA.C5.A1BE.01B.11R.A13Y.07" 0.0721 0.0969 0.0838 0.0677 0.0692 0.0655 0.3427 0.2021
"TCGA.C5.A1BF.01B.11R.A13Y.07" 0.075 0.0983 0.0872 0.0803 0.0764 0.0758 0.2002 0.3068
"TCGA.C5.A1BI.01B.11R.A13Y.07" 0.1498 0.2034 0.1904 0.0486 0.049 0.0482 0.0971 0.2135
"TCGA.C5.A1BJ.01A.11R.A13Y.07" 0.2118 0.2467 0.2747 0.0262 0.0256 0.0255 0.1556 0.034
"TCGA.C5.A1BK.01B.11R.A13Y.07" 0.2121 0.2796 0.308 0 0 0 0.0392 0.1611
"TCGA.C5.A1BL.01A.11R.A13Y.07" 0.1005 0.1564 0.1381 0.0491 0.0499 0.0487 0.1591 0.2982
"TCGA.C5.A1BM.01A.11R.A13Y.07" 0.0746 0.0922 0.0971 0.0733 0.0738 0.0723 0.1957 0.3209
"TCGA.C5.A1BN.01B.11R.A14Y.07" 0.0208 0.0292 0.0276 0.1027 0.0881 0.0951 0.1532 0.4834
"TCGA.C5.A1BQ.01C.11R.A213.07" 0.052 0.0574 0.0593 0.0491 0.0493 0.049 0.2383 0.4457
"TCGA.C5.A1M5.01A.11R.A13Y.07" 0.164 0.1968 0.1673 0.0608 0.0601 0.0614 0.1515 0.1382
"TCGA.C5.A1M6.01A.11R.A13Y.07" 0.0043 0.0052 0.005 0.2955 0.2759 0.324 0.0673 0.0228
"TCGA.C5.A1M7.01A.11R.A13Y.07" 0.1946 0.2527 0.244 0.0139 0.0141 0.0138 0.1945 0.0725
"TCGA.C5.A1M8.01A.21R.A13Y.07" 0.014 0.0184 0.0173 0.1046 0.1016 0.1009 0.2199 0.4233
"TCGA.C5.A1M9.01A.11R.A13Y.07" 0 0 0 0.0956 0.0925 0.1119 0.3867 0.3133
"TCGA.C5.A1ME.01A.11R.A13Y.07" 0.1085 0.1449 0.1291 0.0712 0.0683 0.0681 0.0992 0.3108
"TCGA.C5.A1MF.01A.11R.A13Y.07" 0.0962 0.1409 0.1227 0.0865 0.0772 0.1042 0.1016 0.2707
"TCGA.C5.A1MH.01A.11R.A14Y.07" 0.1139 0.1402 0.1463 0.0847 0.0696 0.0702 0.1136 0.2615
"TCGA.C5.A1MI.01A.11R.A14Y.07" 0.1001 0.1264 0.1378 0.1841 0.1686 0.2001 0.0611 0.0218
"TCGA.C5.A1MJ.01A.11R.A14Y.07" 0.0338 0.0472 0.0506 0.1319 0.1277 0.1343 0.2238 0.2507
"TCGA.C5.A1MK.01A.11R.A14Y.07" 0.0482 0.0564 0.0511 0.0788 0.0797 0.0783 0.3629 0.2446
"TCGA.C5.A1ML.01A.11R.A14Y.07" 0.0255 0.0353 0.0343 0.1172 0.1252 0.1073 0.3689 0.1864
"TCGA.C5.A1MN.01A.11R.A14Y.07" 0.0131 0.0141 0.0127 0.1398 0.1184 0.1105 0.1963 0.395
"TCGA.C5.A1MP.01A.11R.A14Y.07" 0.1049 0.1331 0.1705 0.1201 0.1208 0.1194 0.1324 0.0987
"TCGA.C5.A1MQ.01A.11R.A14Y.07" 0.1763 0.24 0.2529 0.0422 0.0411 0.0422 0.0438 0.1616
"TCGA.C5.A2LS.01A.22R.A22U.07" 0.0138 0.0185 0.0175 0.171 0.1542 0.1813 0.1797 0.264
"TCGA.C5.A2LT.01A.11R.A18M.07" 0.0584 0.0853 0.0938 0.1553 0.1474 0.1364 0.1449 0.1785
"TCGA.C5.A2LV.01A.11R.A18M.07" 0.0107 0.0158 0.0142 0.1304 0.1105 0.0997 0.2195 0.3992
"TCGA.C5.A2LX.01A.11R.A18M.07" 0.2874 0.2275 0.2161 0.0299 0.0292 0.0308 0.0446 0.1347
"TCGA.C5.A2LY.01A.31R.A18M.07" 0.0861 0.1184 0.1062 0.08 0.0796 0.0795 0.0445 0.4058
"TCGA.C5.A2LZ.01A.11R.A213.07" 0.0643 0.0799 0.0851 0.0532 0.0547 0.0519 0.3413 0.2698
"TCGA.C5.A2M1.01A.11R.A18M.07" 0.1225 0.1558 0.1339 0.0538 0.0524 0.0568 0.133 0.2919
"TCGA.C5.A2M2.01A.21R.A18M.07" 0.0584 0.0753 0.0701 0.0755 0.0721 0.0786 0.1819 0.3882
"TCGA.C5.A3HD.01B.11R.A213.07" 0.0405 0.0609 0.0581 0.0756 0.0746 0.0809 0.1614 0.4479
"TCGA.C5.A3HE.01A.21R.A22U.07" 0.1262 0.1487 0.1595 0.0459 0.0442 0.0442 0.1132 0.318
"TCGA.C5.A3HF.01A.11R.A213.07" 0.1297 0.1577 0.1569 0.0673 0.0633 0.0642 0.1786 0.1824
"TCGA.C5.A3HL.01A.11R.A213.07" 0 0 0 0.0639 0.0654 0.0631 0.5879 0.2196
"TCGA.C5.A7CG.01A.11R.A32P.07" 0.239 0.3087 0.3257 0.0042 0.0041 0.0044 0.0342 0.0798
"TCGA.C5.A7CH.01A.11R.A33Z.07" 0 0 0 0.1348 0.1314 0.1304 0.5319 0.0714
"TCGA.C5.A7CJ.01A.11R.A32P.07" 0.1442 0.1917 0.1682 0.0386 0.0394 0.0379 0.2389 0.1411
"TCGA.C5.A7CK.01A.11R.A32P.07" 0 0 0 0.1307 0.1327 0.1288 0.3632 0.2446
"TCGA.C5.A7CL.01A.11R.A32P.07" 0 0 0 0.1768 0.1749 0.1745 0.3603 0.1135
"TCGA.C5.A7CM.01A.11R.A33Z.07" 0.0252 0.0342 0.0375 0.0942 0.0857 0.0842 0.2225 0.4166
"TCGA.C5.A7CO.01A.11R.A352.07" 0.0639 0.0911 0.0788 0.0763 0.0742 0.0742 0.1698 0.3717
"TCGA.C5.A7UC.01A.11R.A352.07" 0.0569 0.0723 0.074 0.0732 0.0622 0.0656 0.1916 0.4042
"TCGA.C5.A7UE.01A.11R.A33Z.07" 0.0211 0.0288 0.028 0.1189 0.1184 0.1202 0.4158 0.1488
"TCGA.C5.A7UH.01A.11R.A352.07" 0.0761 0.0979 0.1259 0.0616 0.0643 0.0578 0.1693 0.347
"TCGA.C5.A7UI.01A.11R.A36F.07" 0.1095 0.1489 0.1547 0.046 0.0459 0.0462 0.0766 0.3721
"TCGA.C5.A7X3.01A.11R.A352.07" 0.1011 0.1473 0.1292 0.0793 0.0759 0.0837 0.0345 0.3489
"TCGA.C5.A7X5.01A.11R.A36F.07" 0.0321 0.0431 0.0413 0.1301 0.1244 0.0954 0.134 0.3996
"TCGA.C5.A7X8.01A.11R.A36F.07" 0.0915 0.1108 0.1527 0.0543 0.0538 0.0538 0.2445 0.2387
"TCGA.C5.A7XC.01A.11R.A38B.07" 0.1567 0.2012 0.1888 0.0291 0.0284 0.0282 0.191 0.1766
"TCGA.C5.A8XH.01A.11R.A37O.07" 0.068 0.0933 0.0831 0.078 0.0674 0.0616 0.188 0.3606
"TCGA.C5.A8XI.01A.11R.A37O.07" 0.1139 0.145 0.1508 0.1307 0.1459 0.1326 0.0953 0.0857
"TCGA.C5.A8XJ.01A.11R.A37O.07" 0.0774 0.1077 0.1011 0.0719 0.0692 0.0686 0.3019 0.2023
"TCGA.C5.A8XK.01A.11R.A37O.07" 0.0437 0.0567 0.0483 0.0867 0.0761 0.0797 0.3114 0.2974
"TCGA.C5.A8YQ.01A.11R.A37O.07" 0.0758 0.1105 0.0884 0.0997 0.0967 0.0986 0.1177 0.3126
"TCGA.C5.A8YR.01A.12R.A37O.07" 0.0619 0.0895 0.0806 0.1094 0.0913 0.0854 0.1035 0.3785
"TCGA.C5.A8YT.01A.11R.A37O.07" 0.0357 0.0447 0.0626 0.0973 0.0969 0.0981 0.2908 0.2739
"TCGA.C5.A8ZZ.01A.11R.A37O.07" 0 0 0 0.0975 0.0964 0.0963 0.5611 0.1488
"TCGA.C5.A901.01A.11R.A37O.07" 0.0248 0.0332 0.0338 0.1029 0.1053 0.1013 0.5248 0.0738
"TCGA.C5.A902.01A.11R.A37O.07" 0.1347 0.1864 0.1643 0.0353 0.0348 0.0349 0.044 0.3655
"TCGA.C5.A905.01A.11R.A37O.07" 0.052 0.0635 0.056 0.1124 0.1026 0.1218 0.3041 0.1876
"TCGA.C5.A907.01A.11R.A37O.07" 0.0965 0.1316 0.1746 0.0523 0.0498 0.052 0.1697 0.2734
"TCGA.DG.A2KH.01A.21R.A22U.07" 0.0927 0.1141 0.1053 0.0822 0.081 0.0848 0.1047 0.3351
"TCGA.DG.A2KJ.01A.11R.A32Y.07" 0.1533 0.1574 0.1406 0.0514 0.0423 0.0481 0.0483 0.3586
"TCGA.DG.A2KK.01A.11R.A180.07" 0.0881 0.1149 0.1097 0.1001 0.0924 0.0827 0.2725 0.1396
"TCGA.DG.A2KL.01A.11R.A180.07" 0.003 0.0038 0.0051 0.1112 0.1106 0.1107 0.3966 0.259
"TCGA.DG.A2KM.01A.11R.A180.07" 0.302 0.2907 0.2868 0 0 0 0.0547 0.0658
"TCGA.DR.A0ZL.01A.11R.A10U.07" 0.1101 0.1481 0.1389 0.0696 0.0717 0.0662 0.2604 0.135
"TCGA.DR.A0ZM.01A.12R.A10U.07" 0.0751 0.0975 0.106 0.051 0.0507 0.0507 0.1922 0.3769
"TCGA.DS.A0VK.01A.21R.A10U.07" 0 0 0 0.0691 0.075 0.0652 0.5456 0.2451
"TCGA.DS.A0VL.01A.21R.A10U.07" 0.043 0.0576 0.0482 0.0834 0.0877 0.0859 0.3771 0.2171
"TCGA.DS.A0VM.01A.11R.A10U.07" 0.0292 0.0379 0.0363 0.0888 0.0815 0.0756 0.2581 0.3926
"TCGA.DS.A0VN.01A.21R.A10U.07" 0.0838 0.1116 0.0964 0.0525 0.0516 0.0516 0.1318 0.4207
"TCGA.DS.A1O9.01A.11R.A14Y.07" 0 0 0 0.1807 0.1596 0.1521 0.2211 0.2865
"TCGA.DS.A1OA.01A.11R.A14Y.07" 0.0745 0.1001 0.0781 0.0871 0.0888 0.0842 0.2178 0.2695
"TCGA.DS.A1OB.01A.11R.A14Y.07" 0.0144 0.0208 0.0188 0.1259 0.1245 0.1246 0.184 0.3872
"TCGA.DS.A1OC.01A.11R.A14Y.07" 0.1285 0.1611 0.16 0.0683 0.0738 0.0651 0.1336 0.2095
"TCGA.DS.A1OD.01A.11R.A14Y.07" 0.2745 0.2916 0.2669 0.015 0.0155 0.0145 0.0678 0.0542
"TCGA.DS.A3LQ.01A.21R.A21T.07" 0 0 0 0.1677 0.1648 0.1737 0.3295 0.1643
"TCGA.DS.A5RQ.01A.11R.A28H.07" 0.0471 0.0652 0.0588 0.072 0.0728 0.0713 0.2728 0.3399
"TCGA.DS.A7WF.01A.11R.A352.07" 0.0387 0.0533 0.0416 0.1552 0.15 0.151 0.3322 0.0779
"TCGA.DS.A7WH.01A.22R.A352.07" 0.049 0.0662 0.0828 0.1627 0.1556 0.1594 0.1204 0.2038
"TCGA.DS.A7WI.01A.12R.A352.07" 0.0602 0.0532 0.0529 0.1067 0.0942 0.121 0.2335 0.2783
"TCGA.EA.A1QS.01A.61R.A22U.07" 0 0 0 0.2973 0.2894 0.2889 0.0677 0.0567
"TCGA.EA.A1QT.01A.11R.A14Y.07" 0.0613 0.075 0.0825 0.0941 0.0866 0.0861 0.2314 0.283
"TCGA.EA.A3HQ.01A.11R.A213.07" 0.1114 0.1386 0.1185 0.1043 0.1055 0.1018 0.0987 0.2213
"TCGA.EA.A3HR.01A.11R.A213.07" 0.0345 0.0465 0.0471 0.0802 0.0781 0.0781 0.4788 0.1567
"TCGA.EA.A3HS.01A.11R.A213.07" 0.0308 0.0391 0.0334 0.0758 0.0794 0.0767 0.4539 0.2109
"TCGA.EA.A3HT.01A.61R.A21T.07" 0 0 0 0.1318 0.1306 0.1305 0.3666 0.2405
"TCGA.EA.A3HU.01A.11R.A213.07" 0.1363 0.1749 0.1806 0.0249 0.0255 0.0251 0.0819 0.3508
"TCGA.EA.A3QD.01A.32R.A22U.07" 0.2285 0.2824 0.3047 0.0174 0.0171 0.0172 0.0284 0.1044
"TCGA.EA.A3QE.01A.21R.A21T.07" 0.1812 0.2441 0.2575 0.0265 0.0269 0.0262 0.0736 0.164
"TCGA.EA.A3Y4.01A.51R.A24H.07" 0.0988 0.12 0.1262 0.0304 0.0301 0.0302 0.1026 0.4617
"TCGA.EA.A410.01A.11R.A32Y.07" 0 0 0 0.3288 0.2976 0.3001 0.0275 0.046
"TCGA.EA.A411.01A.11R.A24H.07" 0.0233 0.0324 0.0372 0.1697 0.1669 0.1668 0.263 0.1406
"TCGA.EA.A439.01A.11R.A24H.07" 0 0 0 0.2764 0.2704 0.27 0.1623 0.021
"TCGA.EA.A43B.01A.81R.A32Y.07" 0.0853 0.114 0.1165 0.0845 0.0707 0.07 0.1482 0.3107
"TCGA.EA.A44S.01A.12R.A26T.07" 0.1107 0.1286 0.1354 0.0697 0.0707 0.0694 0.1794 0.2362
"TCGA.EA.A4BA.01A.21R.A26T.07" 0.101 0.1281 0.1231 0.0841 0.0784 0.0943 0.3363 0.0548
"TCGA.EA.A50E.01A.21R.A26T.07" 0.0023 0.0029 0.0037 0.1383 0.1359 0.1365 0.2828 0.2977
"TCGA.EA.A556.01A.11R.A26T.07" 0 0 0 0.1173 0.1126 0.1095 0.4674 0.1932
"TCGA.EA.A5FO.01A.21R.A28H.07" 0.0557 0.0755 0.0838 0.0907 0.079 0.0793 0.1622 0.3738
"TCGA.EA.A5O9.01A.11R.A28H.07" 0.0429 0.044 0.0386 0.0947 0.094 0.0962 0.2048 0.3848
"TCGA.EA.A5ZD.01A.11R.A28H.07" 0.0909 0.1084 0.1035 0.0723 0.073 0.0702 0.2961 0.1857
"TCGA.EA.A5ZE.01A.11R.A28H.07" 0.1455 0.1907 0.1855 0.0768 0.0743 0.0738 0.1296 0.1238
"TCGA.EA.A5ZF.01A.11R.A28H.07" 0 0 0 0.2163 0.2065 0.2059 0.2329 0.1385
"TCGA.EA.A6QX.01A.12R.A33Z.07" 0.0795 0.0934 0.098 0.0753 0.0782 0.0663 0.1972 0.312
"TCGA.EA.A78R.01A.11R.A32P.07" 0.0224 0.0291 0.0281 0.177 0.18 0.175 0.2248 0.1635
"TCGA.EA.A97N.01A.11R.A38B.07" 0 0 0 0.0727 0.0707 0.0699 0.5445 0.2422
"TCGA.EK.A2GZ.01A.11R.A180.07" 0.0538 0.0768 0.0707 0.0386 0.0379 0.0373 0.5343 0.1506
"TCGA.EK.A2H0.01A.11R.A180.07" 0.0881 0.1076 0.0967 0.0615 0.0561 0.0533 0.1609 0.3758
"TCGA.EK.A2H1.01A.11R.A180.07" 0.0542 0.0712 0.0764 0.0746 0.0633 0.0664 0.1191 0.4748
"TCGA.EK.A2IP.01A.11R.A180.07" 0.0095 0.008 0.0077 0.0777 0.0672 0.0674 0.5839 0.1786
"TCGA.EK.A2IR.01A.11R.A180.07" 0 0 0 0.1138 0.1292 0.1117 0.4128 0.2325
"TCGA.EK.A2PG.01A.11R.A18M.07" 0.0426 0.0538 0.0576 0.092 0.0904 0.0906 0.2225 0.3505
"TCGA.EK.A2PI.01A.11R.A18M.07" 0 0 0 0.1623 0.1701 0.158 0.4337 0.0758
"TCGA.EK.A2PK.01A.11R.A18M.07" 0.1569 0.188 0.1962 0.0108 0.0103 0.0111 0.0337 0.393
"TCGA.EK.A2PL.01A.11R.A18M.07" 0.0117 0.0134 0.0142 0.1064 0.1043 0.1041 0.2473 0.3986
"TCGA.EK.A2PM.01A.11R.A18M.07" 0 0 0 0.1204 0.1208 0.1159 0.3407 0.3023
"TCGA.EK.A2R7.01A.11R.A18M.07" 0.1666 0.2335 0.2667 0.0538 0.048 0.0562 0.0758 0.0994
"TCGA.EK.A2R8.01A.21R.A18M.07" 0.0344 0.0411 0.0463 0.0871 0.0782 0.0764 0.2086 0.428
"TCGA.EK.A2R9.01A.11R.A18M.07" 0.0513 0.0739 0.0799 0.1141 0.1099 0.1105 0.2138 0.2465
"TCGA.EK.A2RA.01A.11R.A18M.07" 0.1429 0.168 0.1578 0.0419 0.0408 0.0402 0.119 0.2895
"TCGA.EK.A2RB.01A.11R.A18M.07" 0.0123 0.0142 0.0149 0.0444 0.044 0.0441 0.5549 0.2713
"TCGA.EK.A2RC.01A.11R.A18M.07" 0.0556 0.053 0.0483 0.1555 0.1549 0.1568 0.234 0.1419
"TCGA.EK.A2RE.01A.11R.A18M.07" 0 0 0 0.0694 0.074 0.0677 0.6082 0.1807
"TCGA.EK.A2RJ.01A.11R.A18M.07" 0.0824 0.1032 0.1053 0.0582 0.0575 0.0577 0.1527 0.383
"TCGA.EK.A2RK.01A.11R.A18M.07" 0.0393 0.0529 0.0491 0.0707 0.0701 0.072 0.4152 0.2307
"TCGA.EK.A2RL.01A.11R.A18M.07" 0 0 0 0.0692 0.0623 0.0727 0.6457 0.1501
"TCGA.EK.A2RM.01A.21R.A18M.07" 8e-04 0.001 0.0012 0.168 0.1859 0.1556 0.2269 0.2605
"TCGA.EK.A2RN.01A.12R.A213.07" 0.0579 0.0703 0.061 0.1183 0.1189 0.1154 0.1474 0.3107
"TCGA.EK.A2RO.01A.11R.A18M.07" 0 0 0 0.2345 0.2299 0.2296 0.1752 0.1309
"TCGA.EK.A3GJ.01A.21R.A213.07" 0.051 0.0648 0.0678 0.0725 0.0605 0.062 0.2139 0.4077
"TCGA.EK.A3GK.01A.11R.A213.07" 0.068 0.0903 0.1016 0.0643 0.0609 0.0705 0.181 0.3633
"TCGA.EK.A3GM.01A.11R.A213.07" 0 0 0 0.133 0.1393 0.1254 0.1221 0.4802
"TCGA.EK.A3GN.01A.11R.A213.07" 0.0277 0.032 0.0359 0.1079 0.0953 0.1179 0.1693 0.414
"TCGA.EX.A1H5.01A.31R.A13Y.07" 0.0103 0.0135 0.012 0.2023 0.2173 0.178 0.1944 0.1722
"TCGA.EX.A1H6.01B.11R.A22U.07" 0.109 0.1081 0.1038 0.0546 0.0519 0.0558 0.2016 0.3153
"TCGA.EX.A3L1.01A.11R.A32Y.07" 0.0895 0.1214 0.1221 0.0657 0.0642 0.0606 0.1618 0.3147
"TCGA.EX.A449.01A.11R.A32Y.07" 0.0985 0.0884 0.0797 0.0805 0.0757 0.0645 0.156 0.3567
"TCGA.EX.A69L.01A.11R.A32P.07" 0.1599 0.2013 0.2042 0.0515 0.0519 0.0512 0.0611 0.219
"TCGA.EX.A69M.01A.11R.A32P.07" 0.1154 0.1606 0.1816 0.0414 0.037 0.0408 0.1069 0.3163
"TCGA.EX.A8YF.01A.11R.A37O.07" 0.1991 0.2569 0.2307 0.0325 0.0321 0.0321 0.045 0.1718
"TCGA.FU.A23K.01A.11R.A16R.07" 0.1244 0.1797 0.1693 0.0487 0.0394 0.0548 0.1044 0.2794
"TCGA.FU.A23L.01A.11R.A16R.07" 0.1311 0.1755 0.1624 0.1288 0.1193 0.1098 0.091 0.0822
"TCGA.FU.A2QG.01A.11R.A18M.07" 0.0301 0.0378 0.0416 0.0659 0.0648 0.0759 0.4005 0.2833
"TCGA.FU.A3EO.11A.13R.A213.07" 0.0361 0.0512 0.0497 0.1627 0.1413 0.1512 0.2364 0.1715
"TCGA.FU.A3EO.01A.11R.A213.07" 0.0695 0.0957 0.0864 0.074 0.0612 0.0915 0.1268 0.395
"TCGA.FU.A3HY.01A.11R.A21T.07" 0.0481 0.0617 0.0528 0.0717 0.0748 0.0666 0.2772 0.3472
"TCGA.FU.A3HZ.01A.11R.A213.07" 0 0 0 0.3485 0.3075 0.301 0.0109 0.0321
"TCGA.FU.A3NI.01A.11R.A21T.07" 0.0657 0.0844 0.0798 0.0877 0.086 0.0821 0.3087 0.2057
"TCGA.FU.A3TQ.01A.11R.A22U.07" 0.1394 0.1695 0.1451 0.0695 0.0684 0.0686 0.2343 0.1052
"TCGA.FU.A3TX.01A.11R.A22U.07" 0.0887 0.081 0.0722 0.1035 0.1123 0.1158 0.1551 0.2714
"TCGA.FU.A3WB.01A.11R.A22U.07" 0.0268 0.0323 0.0298 0.0943 0.0995 0.0878 0.2414 0.388
"TCGA.FU.A3YQ.01A.11R.A22U.07" 0.1159 0.1456 0.1904 0.0623 0.0618 0.0617 0.1467 0.2156
"TCGA.FU.A40J.01A.11R.A24H.07" 0.0365 0.0375 0.0318 0.1875 0.1803 0.219 0.1382 0.1693
"TCGA.FU.A57G.01A.11R.A26T.07" 0.0408 0.0552 0.0624 0.1502 0.144 0.1434 0.2492 0.1548
"TCGA.FU.A5XV.01A.11R.A28H.07" 0 0 0 0.0747 0.0843 0.0738 0.6292 0.138
"TCGA.FU.A770.01A.11R.A33Z.07" 0.1512 0.2116 0.1997 0.0268 0.0263 0.0289 0.239 0.1164
"TCGA.GH.A9DA.01A.21R.A37O.07" 0.0513 0.0684 0.062 0.0804 0.0868 0.0762 0.2957 0.2793
"TCGA.HG.A2PA.01A.11R.A213.07" 0.0565 0.0754 0.0744 0.1409 0.1445 0.1377 0.1815 0.189
"TCGA.HM.A3JJ.11A.12R.A21T.07" 0 0 0 0.3025 0.2477 0.2533 0.1515 0.0451
"TCGA.HM.A3JJ.01A.21R.A21T.07" 0.0488 0.0676 0.0566 0.1086 0.1033 0.1018 0.3576 0.1557
"TCGA.HM.A3JK.01A.11R.A32Y.07" 0.0866 0.1222 0.1383 0.0797 0.0787 0.0786 0.1748 0.2411
"TCGA.HM.A4S6.01A.11R.A26T.07" 0.0394 0.0531 0.0558 0.1635 0.1602 0.1607 0.0836 0.2838
"TCGA.HM.A6W2.06A.22R.A33Z.07" 0.0379 0.0442 0.0391 0.1229 0.1181 0.0978 0.2959 0.244
"TCGA.HM.A6W2.01A.21R.A33Z.07" 0.0365 0.0509 0.0558 0.1048 0.0919 0.082 0.2783 0.2998
"TCGA.IR.A3L7.01A.21R.A213.07" 0.0176 0.0197 0.0189 0.1147 0.1267 0.1099 0.2937 0.2989
"TCGA.IR.A3LA.01A.11R.A22U.07" 0.0523 0.0461 0.0493 0.1044 0.0964 0.1076 0.4795 0.0645
"TCGA.IR.A3LB.01A.11R.A24H.07" 0 0 0 0.1727 0.165 0.1629 0.3458 0.1536
"TCGA.IR.A3LC.01A.11R.A213.07" 0.0299 0.0389 0.0349 0.0625 0.0637 0.0616 0.6076 0.1009
"TCGA.IR.A3LF.01A.21R.A22U.07" 0.1256 0.1156 0.1053 0.094 0.0868 0.0826 0.248 0.1421
"TCGA.IR.A3LH.01A.21R.A213.07" 0.1202 0.1582 0.1697 0.0635 0.0598 0.0596 0.1166 0.2524
"TCGA.IR.A3LI.01A.11R.A32Y.07" 0.0704 0.094 0.0881 0.038 0.0378 0.0383 0.2962 0.3372
"TCGA.IR.A3LK.01A.12R.A213.07" 0.0284 0.0423 0.0382 0.1032 0.1031 0.0948 0.2794 0.3106
"TCGA.IR.A3LL.01A.11R.A213.07" 0.078 0.1207 0.1069 0.0481 0.0478 0.0478 0.1196 0.4311
"TCGA.JW.A5VG.01A.11R.A28H.07" 0.0768 0.1142 0.1157 0.0735 0.0677 0.065 0.095 0.392
"TCGA.JW.A5VH.01A.11R.A28H.07" 0 0 0 0.3373 0.2976 0.3533 0.0118 0
"TCGA.JW.A5VI.01A.11R.A28H.07" 0.0903 0.1164 0.1434 0.0569 0.0554 0.0561 0.2048 0.2768
"TCGA.JW.A5VJ.01A.11R.A28H.07" 0.0291 0.0332 0.035 0.077 0.0758 0.0781 0.2571 0.4146
"TCGA.JW.A5VK.01A.11R.A28H.07" 0.0193 0.0274 0.0297 0.1457 0.1488 0.144 0.1584 0.3267
"TCGA.JW.A5VL.01A.11R.A28H.07" 0.0406 0.0536 0.0536 0.0735 0.0747 0.0727 0.1498 0.4815
"TCGA.JW.A69B.01A.11R.A32P.07" 0.0273 0.0339 0.0372 0.1132 0.1065 0.1018 0.2263 0.3537
"TCGA.JW.A852.01A.11R.A352.07" 0.0303 0.0421 0.0446 0.0699 0.0691 0.0692 0.2764 0.3984
"TCGA.JW.AAVH.01A.11R.A38B.07" 0.0604 0.0797 0.0695 0.0713 0.0761 0.0723 0.3926 0.178
"TCGA.JX.A3PZ.01A.11R.A32Y.07" 0.023 0.0327 0.0303 0.0937 0.0892 0.0907 0.2705 0.3699
"TCGA.JX.A3Q0.01A.11R.A32Y.07" 0.0358 0.0453 0.0384 0.087 0.0768 0.0736 0.1778 0.4652
"TCGA.JX.A3Q8.01A.11R.A21T.07" 0.0728 0.0876 0.121 0.0814 0.0793 0.0691 0.1288 0.36
"TCGA.JX.A5QV.01A.22R.A28H.07" 0.028 0.0394 0.0386 0.1813 0.1617 0.1555 0.276 0.1194
"TCGA.LP.A4AU.01A.32R.A32Y.07" 0.0474 0.0625 0.0648 0.0521 0.0504 0.0506 0.2191 0.4532
"TCGA.LP.A4AV.01A.11R.A32Y.07" 0.0435 0.0551 0.0584 0.0714 0.0637 0.0702 0.1658 0.472
"TCGA.LP.A4AW.01A.11R.A24H.07" 0.0179 0.0252 0.0287 0.1003 0.1028 0.0917 0.4705 0.163
"TCGA.LP.A4AX.01A.12R.A24H.07" 0.1484 0.1998 0.2244 0.0312 0.0266 0.027 0.07 0.2726
"TCGA.LP.A5U2.01A.11R.A28H.07" 0.0521 0.065 0.0583 0.1531 0.1347 0.1679 0.0987 0.2702
"TCGA.LP.A5U3.01A.11R.A28H.07" 0.0394 0.0461 0.0477 0.0992 0.0875 0.0833 0.2445 0.3523
"TCGA.LP.A7HU.01A.11R.A33Z.07" 0.0656 0.093 0.0967 0.1677 0.1572 0.1597 0.0835 0.1766
"TCGA.MA.AA3W.01A.11R.A38B.07" 0.1664 0.2162 0.2283 0.0326 0.027 0.0277 0.0755 0.2263
"TCGA.MA.AA3X.01A.22R.A42S.07" 0.0569 0.0766 0.0728 0.1814 0.179 0.179 0.1161 0.1382
"TCGA.MA.AA3Y.01A.11R.A38B.07" 0.1315 0.1744 0.1865 0.041 0.0342 0.0344 0.0821 0.3159
"TCGA.MA.AA3Z.01A.11R.A38B.07" 0.0654 0.0848 0.0787 0.0504 0.0553 0.0401 0.2775 0.3479
"TCGA.MA.AA41.01A.11R.A38B.07" 0.0078 0.0107 0.0107 0.0672 0.0629 0.064 0.136 0.6408
"TCGA.MA.AA42.01A.12R.A38B.07" 0.1992 0.2402 0.2366 0.0039 0.0038 0.0038 0.0499 0.2625
"TCGA.MA.AA43.01A.11R.A42T.07" 0.073 0.0929 0.1247 0.0679 0.0652 0.0643 0.211 0.3009
"TCGA.MU.A51Y.01A.11R.A26T.07" 0.1309 0.1569 0.1737 0.0804 0.0781 0.0771 0.0983 0.2046
"TCGA.MU.A5YI.01A.11R.A32P.07" 0.0941 0.1325 0.1479 0.0589 0.0561 0.0564 0.3285 0.1256
"TCGA.MU.A8JM.01A.11R.A36F.07" 0.0517 0.0672 0.0632 0.1294 0.131 0.1285 0.2226 0.2064
"TCGA.MY.A5BD.01A.11R.A26T.07" 0.1458 0.1453 0.1233 0.0594 0.0565 0.063 0.1589 0.2479
"TCGA.MY.A5BE.01A.21R.A26T.07" 0.2598 0.3117 0.3275 0.0108 0.0104 0.0106 0 0.0691
"TCGA.MY.A5BF.11A.11R.A26T.07" 0.072 0.1027 0.1162 0.1336 0.1242 0.1174 0.1555 0.1785
"TCGA.MY.A5BF.01A.11R.A26T.07" 0.0675 0.103 0.0906 0.0778 0.0795 0.0756 0.0822 0.4237
"TCGA.MY.A913.01A.11R.A37O.07" 0.0693 0.0947 0.1033 0.0437 0.0377 0.0361 0.2354 0.3796
"TCGA.PN.A8MA.01A.11R.A36F.07" 0.0506 0.062 0.0665 0.1587 0.1524 0.1499 0.1479 0.2119
"TCGA.Q1.A5R1.01A.11R.A28H.07" 0.1213 0.1655 0.1487 0.0668 0.0606 0.0684 0.1517 0.217
"TCGA.Q1.A5R2.01A.11R.A28H.07" 0.0578 0.0784 0.0765 0.0758 0.0766 0.0752 0.0846 0.4751
"TCGA.Q1.A5R3.01A.11R.A28H.07" 0.0923 0.1383 0.1285 0.0521 0.0504 0.0507 0.1449 0.3428
"TCGA.Q1.A6DT.01A.11R.A32P.07" 0.0452 0.0542 0.0546 0.1044 0.0927 0.1007 0.2391 0.3092
"TCGA.Q1.A6DV.01A.11R.A32P.07" 0.1252 0.1517 0.1438 0.0839 0.0722 0.0832 0.1741 0.1659
"TCGA.Q1.A6DW.01A.11R.A32P.07" 0.0049 0.0062 0.0053 0.1724 0.1735 0.1694 0.3349 0.1333
"TCGA.Q1.A73O.01A.11R.A32P.07" 0.074 0.0801 0.0841 0.0715 0.0585 0.0579 0.2736 0.3003
"TCGA.Q1.A73P.01A.11R.A32P.07" 0.1335 0.1633 0.1729 0.0518 0.0486 0.0492 0.0872 0.2934
"TCGA.Q1.A73Q.01A.21R.A32P.07" 0.0445 0.0557 0.0593 0.0922 0.0961 0.0783 0.5738 0
"TCGA.Q1.A73R.01A.11R.A33Z.07" 0.0683 0.0794 0.0841 0.0777 0.0648 0.0685 0.2098 0.3474
"TCGA.Q1.A73S.01A.11R.A33Z.07" 0 0 0 0.1557 0.1331 0.1318 0.2329 0.3465
"TCGA.R2.A69V.01A.11R.A32P.07" 0.213 0.282 0.2919 0.0177 0.0174 0.0172 0.0476 0.1132
"TCGA.RA.A741.01A.11R.A33Z.07" 0.1092 0.1402 0.145 0.0687 0.0566 0.0616 0.1366 0.2821
"TCGA.UC.A7PD.01A.11R.A352.07" 0.039 0.0524 0.0551 0.0751 0.0673 0.0729 0.1698 0.4683
"TCGA.UC.A7PF.01A.11R.A352.07" 0.1249 0.1651 0.161 0.0433 0.0424 0.0424 0.159 0.2619
"TCGA.UC.A7PG.06A.11R.A42S.07" 0.1537 0.1912 0.1624 0.0779 0.0794 0.0757 0.1105 0.1492
"TCGA.UC.A7PG.01A.11R.A42S.07" 0.0015 0.0019 0.0018 0.1306 0.1328 0.1287 0.5324 0.0703
"TCGA.UC.A7PI.01A.11R.A42S.07" 0.0039 0.0049 0.0046 0.0782 0.0822 0.0714 0.655 0.0998
"TCGA.VS.A8EB.01A.11R.A36F.07" 0 0 0 0.0857 0.0734 0.0927 0.3367 0.4115
"TCGA.VS.A8EC.01A.11R.A36F.07" 0 0 0 0.3536 0.2989 0.3158 0.0197 0.0121
"TCGA.VS.A8EG.01A.11R.A36F.07" 0.088 0.12 0.1072 0.087 0.0876 0.0855 0.1138 0.311
"TCGA.VS.A8EH.01A.11R.A36F.07" 0 0 0 0.1168 0.1097 0.1085 0.3667 0.2984
"TCGA.VS.A8EI.01A.11R.A37O.07" 0.0778 0.105 0.1089 0.0467 0.0387 0.0387 0.1901 0.3941
"TCGA.VS.A8EJ.01A.11R.A37O.07" 0.0912 0.1208 0.1276 0.078 0.0634 0.0724 0.1687 0.2778
"TCGA.VS.A8EK.01A.12R.A37O.07" 0.061 0.0711 0.0759 0.0349 0.031 0.0337 0.3933 0.2991
"TCGA.VS.A8EL.01A.11R.A37O.07" 0.0885 0.1227 0.1248 0.0814 0.0796 0.0798 0.0124 0.4108
"TCGA.VS.A8Q8.01A.11R.A37O.07" 0.0365 0.0504 0.052 0.0844 0.0816 0.0825 0.2522 0.3604
"TCGA.VS.A8Q9.01A.12R.A37O.07" 0.0408 0.0584 0.0511 0.1244 0.1053 0.1078 0.1447 0.3675
"TCGA.VS.A8QA.01A.11R.A37O.07" 0.099 0.0868 0.0844 0.0995 0.0986 0.0925 0.0936 0.3456
"TCGA.VS.A8QC.01A.11R.A37O.07" 0.0107 0.0137 0.0128 0.2205 0.217 0.2168 0.2012 0.1074
"TCGA.VS.A8QF.01A.21R.A37O.07" 0.1035 0.1383 0.1407 0.052 0.0528 0.0518 0.1142 0.3468
"TCGA.VS.A8QH.01A.11R.A37O.07" 0 0 0 0.2989 0.2711 0.2631 0.0571 0.1098
"TCGA.VS.A8QM.01A.11R.A37O.07" 0.2542 0.3344 0.291 0.0115 0.0112 0.0113 0.0393 0.0471
"TCGA.VS.A94W.01A.12R.A37O.07" 0.1429 0.1774 0.2056 0.1055 0.1081 0.1022 0.048 0.1103
"TCGA.VS.A94X.01A.11R.A38B.07" 0.0111 0.0144 0.0162 0.2366 0.2245 0.2257 0.1957 0.0758
"TCGA.VS.A94Y.01A.11R.A38B.07" 0.0466 0.0681 0.0641 0.0643 0.0616 0.0611 0.3191 0.315
"TCGA.VS.A94Z.01A.11R.A38B.07" 0.1833 0.2131 0.1955 0.0206 0.0211 0.0202 0.0345 0.3118
"TCGA.VS.A950.01A.11R.A42T.07" 0.0566 0.0789 0.0776 0.0834 0.0863 0.0813 0.1739 0.3619
"TCGA.VS.A952.01A.11R.A38B.07" 0.1134 0.1497 0.1422 0.0333 0.0318 0.032 0.343 0.1546
"TCGA.VS.A953.01A.11R.A38B.07" 0.0691 0.0861 0.0951 0.0807 0.0694 0.0577 0.1301 0.4118
"TCGA.VS.A954.01A.11R.A38B.07" 0.0482 0.0662 0.057 0.1045 0.0917 0.0925 0.4579 0.082
"TCGA.VS.A957.01A.11R.A42T.07" 0.0345 0.0409 0.0434 0.0874 0.0889 0.0856 0.2839 0.3352
"TCGA.VS.A958.01A.11R.A42T.07" 0.1447 0.1869 0.1943 0.0141 0.014 0.0141 0.0688 0.3631
"TCGA.VS.A959.01A.11R.A42T.07" 0.1434 0.1865 0.1949 0.0528 0.0569 0.0472 0.1148 0.2035
"TCGA.VS.A9U5.01A.11R.A42T.07" 0.1967 0.2772 0.2896 0.0308 0.0262 0.033 0.0507 0.0958
"TCGA.VS.A9U6.01A.11R.A42T.07" 0.1178 0.1167 0.1088 0.0561 0.0572 0.0548 0.2187 0.2699
"TCGA.VS.A9U7.01A.11R.A42T.07" 0.0997 0.1356 0.1433 0.0431 0.0433 0.0429 0.1053 0.3868
"TCGA.VS.A9UB.01A.22R.A42T.07" 0.1496 0.2225 0.2044 0.0419 0.0371 0.0381 0.0235 0.283
"TCGA.VS.A9UC.01A.11R.A42T.07" 0.1225 0.1575 0.1697 0.0341 0.0341 0.0341 0.2829 0.165
"TCGA.VS.A9UD.01A.11R.A42T.07" 0.1185 0.1699 0.1577 0.069 0.0572 0.0573 0.0276 0.3428
"TCGA.VS.A9UH.01A.11R.A42T.07" 0.0563 0.0767 0.096 0.0791 0.0796 0.0764 0.1292 0.4067
"TCGA.VS.A9UI.01A.11R.A42T.07" 0.0671 0.091 0.091 0.0729 0.0723 0.0722 0.2512 0.2824
"TCGA.VS.A9UJ.01A.11R.A42T.07" 0.0262 0.0328 0.0357 0.0825 0.0787 0.0881 0.3587 0.2974
"TCGA.VS.A9UL.01A.11R.A42T.07" 0 0 0 0.2615 0.2557 0.2557 0.1333 0.0938
"TCGA.VS.A9UM.01A.11R.A42T.07" 0.1237 0.1645 0.1725 0.0626 0.0634 0.0622 0.1911 0.1601
"TCGA.VS.A9UO.01A.11R.A42T.07" 0.0879 0.0939 0.1022 0.0626 0.0524 0.0619 0.1572 0.382
"TCGA.VS.A9UP.01A.11R.A42T.07" 0.0444 0.0562 0.0641 0.0904 0.0941 0.0798 0.2154 0.3556
"TCGA.VS.A9UQ.01A.21R.A42T.07" 0.0076 0.0099 0.0095 0.1954 0.1876 0.189 0.3314 0.0696
"TCGA.VS.A9UR.01A.11R.A42T.07" 0.054 0.0737 0.0808 0.0452 0.0488 0.0462 0.4404 0.2109
"TCGA.VS.A9UT.01A.11R.A42T.07" 0.232 0.2748 0.2534 0.0208 0.0198 0.0193 0 0.1799
"TCGA.VS.A9UU.01A.11R.A42T.07" 0.0119 0.0171 0.0172 0.0534 0.0522 0.0515 0.4806 0.3161
"TCGA.VS.A9UV.01A.11R.A42T.07" 0.0275 0.0411 0.0393 0.0816 0.0826 0.0814 0.3607 0.2858
"TCGA.VS.A9UY.01A.11R.A42T.07" 0.0827 0.1117 0.1067 0.0554 0.0483 0.0503 0.1713 0.3737
"TCGA.VS.A9UZ.01A.11R.A42T.07" 0.1294 0.1785 0.1637 0.0366 0.0354 0.0271 0.2256 0.2036
"TCGA.VS.A9V0.01A.11R.A42T.07" 0 0 0 0.0845 0.0772 0.0894 0.5038 0.2451
"TCGA.VS.A9V1.01A.11R.A42T.07" 0.0921 0.109 0.1232 0.0656 0.0561 0.0577 0.164 0.3324
"TCGA.VS.A9V2.01A.11R.A42T.07" 0.1401 0.188 0.1877 0.0415 0.0422 0.0408 0.1423 0.2174
"TCGA.VS.A9V3.01A.11R.A42T.07" 0.1397 0.1712 0.164 0.0423 0.041 0.0408 0.191 0.21
"TCGA.VS.A9V4.01A.12R.A42T.07" 0 0 0 0.2299 0.2151 0.1997 0.1157 0.2396
"TCGA.VS.A9V5.01A.11R.A42T.07" 0 0 0 0.0565 0.0522 0.0505 0.7034 0.1373
"TCGA.VS.AA62.01A.11R.A42T.07" 0.139 0.1849 0.2012 0.051 0.0426 0.0441 0.0972 0.2401
"TCGA.WL.A834.01A.11R.A352.07" 0 0 0 0.1149 0.117 0.1096 0.3528 0.3057
"TCGA.XS.A8TJ.01A.11R.A36F.07" 0.0976 0.135 0.1202 0.0408 0.0394 0.0393 0.3211 0.2066
"TCGA.ZJ.A8QO.01A.11R.A37O.07" 0.1382 0.1789 0.2287 0.0833 0.0762 0.0768 0.0977 0.1201
"TCGA.ZJ.A8QQ.01A.11R.A37O.07" 0.0765 0.0931 0.1032 0.0898 0.0802 0.0769 0.1394 0.3408
"TCGA.ZJ.A8QR.01A.11R.A37O.07" 0 0 0 0.0491 0.0404 0.0431 0.2571 0.6103
"TCGA.ZJ.AAX4.01A.11R.A42T.07" 0.1481 0.1887 0.1866 0.066 0.0654 0.0655 0.0973 0.1822
"TCGA.ZJ.AAX8.01A.11R.A42T.07" 0.0761 0.0983 0.1239 0.107 0.106 0.1059 0.1534 0.2294
"TCGA.ZJ.AAXA.01A.11R.A42T.07" 0.0095 0.0132 0.0123 0.0922 0.0946 0.087 0.4993 0.1919
"TCGA.ZJ.AAXB.01A.11R.A42T.07" 0 0 0 0.1526 0.1426 0.1428 0.176 0.386
"TCGA.ZJ.AAXD.01A.21R.A42T.07" 0.0198 0.0274 0.03 0.1878 0.1828 0.1887 0.2436 0.1197
"TCGA.ZJ.AAXF.01A.31R.A42T.07" 0.2004 0.2407 0.2363 0.0226 0.0219 0.0223 0.0702 0.1857
"TCGA.ZJ.AAXI.01A.11R.A42T.07" 0.0612 0.0752 0.0839 0.0801 0.0812 0.0797 0.1673 0.3714
"TCGA.ZJ.AAXJ.01A.11R.A42T.07" 0.0874 0.141 0.1299 0.0323 0.0322 0.0311 0.4009 0.1453
"TCGA.ZJ.AAXN.01A.11R.A42T.07" 0.1008 0.1318 0.1169 0.0371 0.0353 0.0357 0.2618 0.2804
"TCGA.ZJ.AAXT.01A.11R.A42T.07" 0.009 0.0118 0.0123 0.0888 0.0733 0.078 0.3571 0.3697
"TCGA.ZJ.AAXU.01A.11R.A42T.07" 0.1849 0.2212 0.2401 0.0255 0.0251 0.0261 0.0826 0.1945
"TCGA.ZJ.AB0H.01A.11R.A42T.07" 0.1174 0.1499 0.1681 0.0848 0.0835 0.0836 0.1438 0.1689
"TCGA.ZJ.AB0I.01A.11R.A42T.07" 0.0247 0.0353 0.0308 0.1235 0.1215 0.1219 0.226 0.3163
"TCGA.ZX.AA5X.01A.11R.A42T.07" 0.1031 0.1489 0.1676 0.0561 0.0551 0.0553 0.2626 0.1512
