"CD4_na" "CD4_cenm" "CD4_efm" "CD8_na" "CD8_cenm" "CD8_efm" "Treg" "T gamma delta"
"TCGA.3L.AA1B.01A.11R.A37K.07" 0.0457 0.0543 0.0558 0.1926 0.1777 0.1775 0.1793 0.1171
"TCGA.4N.A93T.01A.11R.A37K.07" 0.1081 0.1264 0.1432 0.0561 0.0585 0.0494 0.1142 0.344
"TCGA.4T.AA8H.01A.11R.A41B.07" 0.0508 0.0628 0.0634 0.1506 0.1342 0.1394 0.1233 0.2755
"TCGA.5M.AAT4.01A.11R.A41B.07" 0 0 0 0.1696 0.1578 0.159 0.1094 0.4042
"TCGA.5M.AAT5.01A.21R.A41B.07" 0.0025 0.0031 0.003 0.2133 0.1968 0.2266 0.107 0.2476
"TCGA.5M.AAT6.01A.11R.A41B.07" 0.0727 0.0865 0.086 0.1679 0.1436 0.144 0.1229 0.1764
"TCGA.5M.AATA.01A.31R.A41B.07" 0.0897 0.1036 0.1034 0.0673 0.0616 0.0615 0.1906 0.3223
"TCGA.5M.AATE.01A.11R.A41B.07" 0.0087 0.0096 0.0092 0.1862 0.1709 0.1779 0.1436 0.294
"TCGA.A6.2671.11A.01R.A32Z.07" 0.0649 0.0757 0.0772 0.1242 0.1126 0.1171 0.1759 0.2525
"TCGA.A6.2675.11A.01R.1723.07" 0.0277 0.0313 0.0317 0.2154 0.2494 0.1934 0.1373 0.1138
"TCGA.A6.2675.01A.02R.1723.07" 0.0087 0.01 0.0101 0.2449 0.2099 0.2126 0.1905 0.1132
"TCGA.A6.2678.11A.01R.A32Z.07" 0.1339 0.156 0.1601 0.097 0.0856 0.0894 0.1663 0.1117
"TCGA.A6.2679.11A.01R.A32Z.07" 0.2821 0.2623 0.2845 0 0 0 0.0249 0.1462
"TCGA.A6.2680.11A.01R.A32Z.07" 0.1088 0.1221 0.1275 0.1123 0.106 0.1021 0.0869 0.2344
"TCGA.A6.2682.11A.01R.A32Z.07" 0.292 0.2882 0.2982 0 0 0 0.0349 0.0866
"TCGA.A6.2682.01A.01R.1410.07" 0 0 0 0.2404 0.2197 0.2759 0.1592 0.1047
"TCGA.A6.2683.11A.01R.A32Z.07" 0.2477 0.2431 0.2501 0 0 0 0.0879 0.1712
"TCGA.A6.2684.11A.01R.A32Z.07" 0.1873 0.2092 0.226 0.037 0.0391 0.0324 0.0907 0.1783
"TCGA.A6.2684.01A.01R.1410.07" 0.0478 0.0539 0.049 0.1398 0.1432 0.1403 0.1704 0.2557
"TCGA.A6.2685.11A.01R.A32Z.07" 0.1718 0.1684 0.1754 0.0692 0.0632 0.0633 0.0947 0.194
"TCGA.A6.2685.01A.01R.1410.07" 0.0167 0.019 0.0191 0.2664 0.2443 0.215 0.1323 0.0872
"TCGA.A6.2686.11A.01R.A32Z.07" 0.1456 0.1846 0.1701 0.0234 0.0247 0.0204 0.1741 0.257
"TCGA.A6.2686.01A.01R.A32Z.07" 0.1406 0.1681 0.158 0.1321 0.1137 0.1437 0.0472 0.0966
"TCGA.A6.4105.01A.02R.1774.07" 0.0699 0.0828 0.0734 0.1608 0.1518 0.1869 0.0888 0.1856
"TCGA.A6.5656.01A.21R.1839.07" 0.0078 0.0096 0.0088 0.1646 0.1538 0.1547 0.1357 0.3651
"TCGA.A6.5657.01A.01R.A32Z.07" 0.0938 0.1089 0.1095 0.1914 0.1685 0.1628 0.065 0.1002
"TCGA.A6.5659.11A.01R.1653.07" 0.2093 0.2036 0.2109 0.0253 0.0284 0.0225 0.1972 0.1029
"TCGA.A6.5659.01A.01R.1653.07" 0.0015 0.0019 0.0018 0.25 0.2503 0.2292 0.1371 0.1282
"TCGA.A6.5660.01A.01R.1653.07" 0 0 0 0.2689 0.2509 0.2721 0.0838 0.1243
"TCGA.A6.5661.01A.01R.1653.07" 0.0695 0.0848 0.0802 0.054 0.0549 0.0401 0.2807 0.3357
"TCGA.A6.5662.11A.01R.1653.07" 0.1785 0.2055 0.2095 0.1105 0.1184 0.0994 0.0783 0
"TCGA.A6.5662.01A.01R.1653.07" 0 0 0 0.1961 0.199 0.1879 0.1967 0.2202
"TCGA.A6.5664.01A.21R.1839.07" 0.0805 0.0932 0.0936 0.1994 0.225 0.139 0.1016 0.0678
"TCGA.A6.5665.11A.01R.1653.07" 0.2188 0.2137 0.2223 0.0498 0.0454 0.0438 0.0724 0.1338
"TCGA.A6.5665.01A.01R.1653.07" 0.0382 0.0471 0.0444 0.2182 0.2072 0.2283 0.0707 0.1458
"TCGA.A6.5666.01A.01R.1653.07" 0.0276 0.0323 0.0315 0.1809 0.167 0.1937 0.101 0.266
"TCGA.A6.5667.11A.01R.1723.07" 0.2263 0.2241 0.236 0.0144 0.0148 0.0128 0.088 0.1836
"TCGA.A6.5667.01A.21R.1723.07" 0 0 0 0.2563 0.2301 0.2623 0.1701 0.0813
"TCGA.A6.6137.01A.11R.1774.07" 0.1102 0.1287 0.1327 0.1338 0.1349 0.1159 0.1272 0.1166
"TCGA.A6.6138.01A.11R.1774.07" 0.139 0.1641 0.1585 0.0801 0.0691 0.0696 0.1159 0.2036
"TCGA.A6.6140.01A.11R.1774.07" 0.0835 0.0936 0.1 0.1097 0.1109 0.0964 0.1332 0.2727
"TCGA.A6.6141.01A.11R.1774.07" 0.0923 0.1114 0.107 0.1083 0.099 0.1107 0.1318 0.2395
"TCGA.A6.6142.01A.11R.1774.07" 0 0 0 0.298 0.2577 0.2553 0.1001 0.0889
"TCGA.A6.6648.01A.11R.1774.07" 0 0 0 0.1057 0.1137 0.102 0.3729 0.3056
"TCGA.A6.6649.01A.11R.1774.07" 0.1011 0.1205 0.1222 0.0666 0.0712 0.0597 0.3179 0.1408
"TCGA.A6.6650.01A.11R.1774.07" 0.0637 0.0861 0.0772 0.1023 0.1154 0.0949 0.1315 0.329
"TCGA.A6.6651.01A.21R.1839.07" 0.1249 0.1432 0.1443 0.1206 0.1117 0.0897 0.1193 0.1464
"TCGA.A6.6652.01A.11R.1774.07" 0.0299 0.0293 0.0276 0.0795 0.082 0.0799 0.266 0.4059
"TCGA.A6.6653.01A.11R.1774.07" 0.0442 0.052 0.0509 0.1149 0.1216 0.0847 0.2662 0.2654
"TCGA.A6.6654.01A.21R.1839.07" 0.0866 0.0967 0.0975 0.1569 0.1379 0.1356 0.1221 0.1666
"TCGA.A6.6780.01A.11R.1839.07" 0.1852 0.2203 0.2356 0 0 0 0 0.3589
"TCGA.A6.6781.01A.22R.1928.07" 0.0913 0.1065 0.1065 0.1536 0.1784 0.1056 0.1404 0.1177
"TCGA.A6.6782.01A.11R.1839.07" 0.0213 0.0248 0.025 0.2736 0.239 0.2346 0.0788 0.1029
"TCGA.A6.A565.01A.31R.A28H.07" 0.235 0.2634 0.2581 0.0745 0.0712 0.0682 0.0295 0
"TCGA.A6.A566.01A.11R.A28H.07" 0.1337 0.1564 0.159 0.0449 0.0386 0.0384 0.1771 0.2519
"TCGA.A6.A567.01A.31R.A28H.07" 0 0 0 0.2748 0.2526 0.254 0.1822 0.0364
"TCGA.A6.A56B.01A.31R.A28H.07" 0 0 0 0.2974 0.3242 0.2162 0.0899 0.0724
"TCGA.A6.A5ZU.01A.11R.A28H.07" 0.0055 0.0067 0.0066 0.2859 0.2499 0.2463 0.1318 0.0673
"TCGA.AA.3489.11A.01R.1839.07" 0.1994 0.1859 0.1879 0.0647 0.0585 0.0619 0.0868 0.155
"TCGA.AA.3489.01A.21R.1839.07" 0.1701 0.2 0.2015 0.0873 0.0762 0.0752 0.0918 0.0979
"TCGA.AA.3492.01A.01R.1410.07" 0.0625 0.075 0.0705 0.1 0.0939 0.1142 0.1078 0.3762
"TCGA.AA.3495.01A.01R.1410.07" 0.0849 0.1008 0.1042 0.1096 0.1101 0.1063 0.1544 0.2296
"TCGA.AA.3496.11A.01R.1839.07" 0.0762 0.0881 0.0889 0.1642 0.1758 0.1516 0.1471 0.1082
"TCGA.AA.3496.01A.21R.1839.07" 0.0959 0.1138 0.1155 0.1252 0.1288 0.1537 0.1074 0.1597
"TCGA.AA.3502.01A.01R.1410.07" 0.0746 0.0806 0.0899 0.1061 0.0985 0.1187 0.1719 0.2596
"TCGA.AA.3506.01A.01R.1410.07" 0.0912 0.0883 0.0902 0.0877 0.0797 0.0909 0.1181 0.3539
"TCGA.AA.3509.01A.01R.1410.07" 0.0323 0.0405 0.0379 0.2225 0.2378 0.1964 0.1028 0.1297
"TCGA.AA.3511.11A.01R.1839.07" 0.3045 0.3329 0.355 0 0 0 0.0075 0
"TCGA.AA.3511.01A.21R.1839.07" 0.0015 0.0017 0.0017 0.3024 0.2592 0.2599 0.1231 0.0505
"TCGA.AA.3514.11A.01R.A32Z.07" 0.2429 0.2297 0.2368 0 0 0 0.0752 0.2154
"TCGA.AA.3516.11A.01R.A32Z.07" 0.1919 0.1871 0.1908 0.0306 0.0282 0.0274 0.078 0.2659
"TCGA.AA.3517.11A.01R.A32Z.07" 0.2771 0.3424 0.3173 0.0204 0.0186 0.0187 0.0033 0.0022
"TCGA.AA.3518.11A.01R.1672.07" 0.1171 0.1459 0.1392 0.107 0.1111 0.0949 0.1139 0.1709
"TCGA.AA.3520.11A.01R.A32Z.07" 0.2467 0.2414 0.2494 0 0 0 0.0838 0.1786
"TCGA.AA.3522.11A.01R.A32Z.07" 0.2272 0.2199 0.2301 0 0 0 0.1381 0.1846
"TCGA.AA.3525.11A.01R.A32Z.07" 0.318 0.3042 0.3154 0 0 0 0 0.0624
"TCGA.AA.3526.01A.02R.A32Z.07" 0.0177 0.0212 0.0213 0.2226 0.2077 0.2606 0.0786 0.1704
"TCGA.AA.3527.11A.01R.A32Z.07" 0.1748 0.168 0.1732 0.0023 0.0021 0.0021 0.1495 0.328
"TCGA.AA.3531.11A.01R.A32Z.07" 0.2204 0.212 0.2215 0 0 0 0.1281 0.2181
"TCGA.AA.3534.11A.01R.A32Z.07" 0.2999 0.2954 0.2887 0.0014 0.0013 0.0013 0.0399 0.072
"TCGA.AA.3655.11A.01R.1723.07" 0.1972 0.1937 0.1979 0.0793 0.0709 0.0772 0.055 0.1289
"TCGA.AA.3655.01A.02R.1723.07" 0.043 0.0402 0.0412 0.1793 0.1542 0.1543 0.2086 0.1793
"TCGA.AA.3660.11A.01R.1723.07" 0.1615 0.169 0.1921 0.0718 0.0641 0.0705 0.0915 0.1796
"TCGA.AA.3660.01A.01R.1723.07" 0 0 0 0.2515 0.2451 0.2422 0.152 0.1093
"TCGA.AA.3662.11A.01R.1723.07" 0.1231 0.1522 0.14 0.1045 0.0924 0.0939 0.1793 0.1147
"TCGA.AA.3662.01A.01R.1723.07" 0 0 0 0.1307 0.1229 0.1263 0.343 0.2771
"TCGA.AA.3663.11A.01R.1723.07" 0.2181 0.2511 0.2544 0.019 0.0202 0.0169 0.094 0.1263
"TCGA.AA.3663.01A.01R.1723.07" 0.078 0.0939 0.1013 0.0523 0.0481 0.0598 0.1112 0.4554
"TCGA.AA.3675.01A.02R.0905.07" 0 0 0 0.2313 0.214 0.2663 0.1355 0.1529
"TCGA.AA.3685.01A.02R.A32Z.07" 0.0786 0.0975 0.0963 0.1166 0.1075 0.1318 0.0436 0.3281
"TCGA.AA.3697.11A.01R.1723.07" 0.2581 0.2445 0.2488 0.0479 0.0429 0.0446 0.0313 0.0819
"TCGA.AA.3697.01A.01R.1723.07" 0.0557 0.0696 0.0692 0.132 0.122 0.1199 0.1723 0.2592
"TCGA.AA.3712.11A.01R.1723.07" 0.1987 0.2381 0.2426 0.0365 0.0369 0.0336 0.1111 0.1026
"TCGA.AA.3712.01A.21R.1723.07" 0.0219 0.0266 0.0262 0.1966 0.2183 0.1384 0.2273 0.1447
"TCGA.AA.3713.11A.01R.1723.07" 0.1859 0.2388 0.2156 0.0336 0.0305 0.0317 0.0766 0.1873
"TCGA.AA.3713.01A.21R.1723.07" 0.1458 0.1833 0.1874 0.0732 0.073 0.0667 0.0783 0.1923
"TCGA.AA.A01P.01A.21R.A083.07" 0.0605 0.0718 0.0739 0.1122 0.1301 0.0772 0.1111 0.3632
"TCGA.AA.A01X.01A.21R.A083.07" 0.0645 0.067 0.0669 0.0895 0.0812 0.0861 0.2097 0.3352
"TCGA.AA.A01Z.01A.11R.A083.07" 0 0 0 0.3022 0.2553 0.2749 0.1211 0.0465
"TCGA.AA.A02K.01A.03R.A32Y.07" 0.0424 0.0527 0.0513 0.117 0.1188 0.1077 0.0784 0.4316
"TCGA.AA.A02Y.01A.43R.A32Y.07" 0.0283 0.0303 0.0347 0.1661 0.155 0.1557 0.0295 0.4004
"TCGA.AD.5900.01A.11R.1653.07" 0.0595 0.0694 0.0709 0.1626 0.1643 0.1245 0.0962 0.2527
"TCGA.AD.6548.01A.11R.1839.07" 0.0751 0.0878 0.0864 0.1662 0.1519 0.1447 0.1286 0.1593
"TCGA.AD.6888.01A.11R.1928.07" 0.0554 0.0706 0.0663 0.0863 0.0916 0.0777 0.1116 0.4404
"TCGA.AD.6889.01A.11R.1928.07" 0.0699 0.0857 0.0805 0.0621 0.0526 0.0647 0.1999 0.3846
"TCGA.AD.6890.01A.11R.1928.07" 0 0 0 0.2725 0.2472 0.2388 0.0792 0.1623
"TCGA.AD.6895.01A.11R.1928.07" 0.0112 0.0138 0.0127 0.2431 0.2138 0.2076 0.1191 0.1788
"TCGA.AD.6899.01A.11R.1928.07" 0.0676 0.0763 0.0777 0.1994 0.1712 0.1735 0.0914 0.1429
"TCGA.AD.6901.01A.11R.1928.07" 0.0053 0.0063 0.0064 0.2808 0.2488 0.2435 0.0722 0.1366
"TCGA.AD.6963.01A.11R.1928.07" 0.136 0.1659 0.164 0.0681 0.0582 0.0596 0.0363 0.312
"TCGA.AD.6964.01A.11R.1928.07" 0.0766 0.0899 0.0904 0.1224 0.1202 0.1646 0.0702 0.2656
"TCGA.AD.6965.01A.11R.1928.07" 0.0295 0.0348 0.035 0.1674 0.1737 0.146 0.1577 0.2558
"TCGA.AD.A5EJ.01A.11R.A28H.07" 0 0 0 0.2659 0.2541 0.2114 0.141 0.1276
"TCGA.AD.A5EK.01A.11R.A28H.07" 0 0 0 0.2684 0.2769 0.2741 0.1224 0.0582
"TCGA.AM.5820.01A.01R.1653.07" 0 0 0 0.2688 0.2441 0.2991 0.1363 0.0517
"TCGA.AM.5821.01A.01R.1653.07" 0.0469 0.057 0.0544 0.1589 0.1579 0.1891 0.0726 0.2632
"TCGA.AU.3779.01A.01R.1723.07" 0.1829 0.2097 0.2189 0.0202 0.0191 0.0192 0.125 0.2049
"TCGA.AU.6004.01A.11R.1723.07" 0.1251 0.1435 0.1458 0.0694 0.0803 0.0479 0.2107 0.1772
"TCGA.AY.5543.01A.01R.1653.07" 0.0616 0.0793 0.0752 0.1216 0.1145 0.0971 0.0923 0.3583
"TCGA.AY.6196.01A.11R.1723.07" 0.2012 0.2311 0.232 0.0619 0.0541 0.0534 0.0829 0.0834
"TCGA.AY.6197.01A.11R.1723.07" 0.1258 0.1496 0.1515 0.0543 0.0553 0.0447 0.1744 0.2443
"TCGA.AY.6386.01A.21R.1723.07" 0.1187 0.1389 0.1462 0.0478 0.0488 0.0419 0.1563 0.3015
"TCGA.AY.A54L.01A.11R.A28H.07" 0 0 0 0.1994 0.1911 0.2172 0.108 0.2843
"TCGA.AY.A69D.01A.11R.A37K.07" 0.0693 0.07 0.0674 0.182 0.1802 0.1523 0.098 0.1809
"TCGA.AY.A71X.01A.12R.A37K.07" 0.0429 0.0525 0.052 0.0648 0.0555 0.0588 0.2353 0.4381
"TCGA.AY.A8YK.01A.11R.A41B.07" 0.031 0.0391 0.0379 0.1639 0.1456 0.1431 0.1388 0.3005
"TCGA.AZ.4313.01A.01R.1410.07" 0.0317 0.0399 0.0374 0.0677 0.0638 0.0774 0.1844 0.4976
"TCGA.AZ.4315.01A.01R.1410.07" 0 0 0 0.2802 0.3196 0.2043 0.08 0.1159
"TCGA.AZ.4323.01A.21R.1839.07" 0.2391 0.2566 0.2578 0.0763 0.0709 0.0959 0.0035 0
"TCGA.AZ.4614.01A.01R.1410.07" 0.0401 0.0525 0.0443 0.1314 0.1107 0.1164 0.1181 0.3866
"TCGA.AZ.4615.01A.01R.1410.07" 0.0182 0.0205 0.0187 0.2379 0.2019 0.204 0.116 0.1828
"TCGA.AZ.4616.01A.21R.1839.07" 0 0 0 0.2498 0.2091 0.2185 0.0846 0.2381
"TCGA.AZ.4682.01B.01R.A32Z.07" 0 0 0 0.2553 0.2539 0.2493 0.0482 0.1933
"TCGA.AZ.4684.01A.01R.1410.07" 0.041 0.046 0.0537 0.2071 0.2117 0.2538 0.1242 0.0625
"TCGA.AZ.5403.01A.01R.1653.07" 0 0 0 0.2383 0.218 0.2708 0.1142 0.1586
"TCGA.AZ.5407.01A.01R.1723.07" 0.0864 0.1003 0.1095 0.0877 0.0737 0.0902 0.101 0.3512
"TCGA.AZ.6598.11A.01R.1774.07" 0.1796 0.2047 0.2062 0.0571 0.064 0.0511 0.1203 0.1171
"TCGA.AZ.6598.01A.11R.1774.07" 0.0045 0.0056 0.0054 0.1601 0.1615 0.1213 0.1981 0.3436
"TCGA.AZ.6599.11A.01R.1774.07" 0.1294 0.1617 0.1428 0.0447 0.0396 0.0379 0.2617 0.1821
"TCGA.AZ.6599.01A.11R.1774.07" 0.0297 0.0263 0.0259 0.2452 0.2098 0.2211 0.0678 0.1743
"TCGA.AZ.6600.11A.01R.1774.07" 0.0948 0.124 0.1073 0.188 0.1748 0.1729 0.0385 0.0997
"TCGA.AZ.6600.01A.11R.1774.07" 0.0457 0.0533 0.0536 0.2064 0.174 0.1765 0.1727 0.1178
"TCGA.AZ.6601.11A.01R.1774.07" 0.1532 0.1776 0.1806 0.0766 0.0693 0.0684 0.1337 0.1404
"TCGA.AZ.6601.01A.11R.1774.07" 0.1379 0.1627 0.1635 0.0788 0.0667 0.0683 0.0657 0.2563
"TCGA.AZ.6603.11A.02R.1839.07" 0.1435 0.1661 0.1674 0.1192 0.1335 0.1096 0.0933 0.0674
"TCGA.AZ.6603.01A.11R.1839.07" 0.0217 0.0256 0.0258 0.2292 0.1963 0.2029 0.1616 0.1369
"TCGA.AZ.6605.11A.01R.1839.07" 0.0225 0.0262 0.0266 0.2477 0.2644 0.2171 0.1045 0.0909
"TCGA.AZ.6605.01A.11R.1839.07" 0.0617 0.0715 0.0721 0.173 0.1521 0.1498 0.1879 0.1318
"TCGA.AZ.6606.01A.11R.1839.07" 0.0549 0.0612 0.0628 0.1374 0.1259 0.1215 0.0994 0.337
"TCGA.AZ.6607.01A.11R.1839.07" 0.0065 0.0076 0.0076 0.2274 0.1952 0.1957 0.1951 0.1649
"TCGA.AZ.6608.01A.11R.1839.07" 0.0518 0.0716 0.0643 0.051 0.0458 0.0483 0.123 0.5441
"TCGA.CA.5254.01A.21R.1839.07" 0 0 0 0.2462 0.2606 0.1949 0.2092 0.0891
"TCGA.CA.5255.01A.11R.1839.07" 0.0471 0.0578 0.0575 0.0774 0.0728 0.0642 0.1855 0.4378
"TCGA.CA.5256.01A.01R.1410.07" 0.0107 0.0119 0.0124 0.2082 0.1952 0.2517 0.0763 0.2337
"TCGA.CA.5796.01A.01R.1653.07" 0.0707 0.0874 0.0852 0.0714 0.0694 0.06 0.2841 0.2718
"TCGA.CA.5797.01A.01R.1653.07" 8e-04 9e-04 0.001 0.3111 0.2698 0.2738 0.1071 0.0355
"TCGA.CA.6715.01A.21R.1839.07" 0 0 0 0.1508 0.1678 0.1296 0.3743 0.1775
"TCGA.CA.6716.01A.11R.1839.07" 0 0 0 0.2863 0.2926 0.2682 0.0939 0.059
"TCGA.CA.6717.01A.11R.1839.07" 0.1753 0.1986 0.2004 0.0615 0.0584 0.0628 0.0826 0.1603
"TCGA.CA.6718.01A.11R.1839.07" 0.08 0.0933 0.1156 0.1203 0.1359 0.0868 0.0772 0.2909
"TCGA.CA.6719.01A.11R.1839.07" 0.0066 0.0076 0.0077 0.2411 0.2464 0.2172 0.1375 0.1358
"TCGA.CK.4947.01B.11R.1653.07" 0.0867 0.11 0.1073 0.1264 0.1205 0.1335 0.1794 0.1362
"TCGA.CK.4948.01B.11R.1653.07" 0 0 0 0.1919 0.1827 0.245 0.2035 0.177
"TCGA.CK.4950.01A.01R.1723.07" 0.1332 0.154 0.1665 0.0491 0.0421 0.0427 0.1216 0.2907
"TCGA.CK.4951.01A.01R.1410.07" 0.068 0.0794 0.0809 0.1266 0.1409 0.0882 0.1776 0.2385
"TCGA.CK.4952.01A.01R.1723.07" 0.0859 0.1109 0.1037 0.0914 0.0785 0.0861 0.1174 0.326
"TCGA.CK.5912.01A.11R.1653.07" 0.0697 0.09 0.0821 0.0814 0.0887 0.0769 0.2513 0.26
"TCGA.CK.5913.01A.11R.1653.07" 0.0048 0.0055 0.0055 0.2453 0.2628 0.179 0.155 0.142
"TCGA.CK.5914.01A.11R.1653.07" 0 0 0 0.2482 0.2551 0.1885 0.1571 0.1511
"TCGA.CK.5915.01A.11R.1653.07" 0.0534 0.0621 0.0631 0.0968 0.0883 0.0967 0.1431 0.3965
"TCGA.CK.5916.01A.11R.1653.07" 0.0982 0.1225 0.121 0.0488 0.0521 0.0356 0.1547 0.3671
"TCGA.CK.6746.01A.11R.1839.07" 0.0717 0.0841 0.0838 0.0859 0.0786 0.1003 0.1382 0.3572
"TCGA.CK.6747.01A.11R.1839.07" 0.0256 0.0295 0.0297 0.1697 0.1723 0.1728 0.1558 0.2445
"TCGA.CK.6748.01A.11R.1839.07" 0 0 0 0.3007 0.2691 0.2623 0.1291 0.0389
"TCGA.CK.6751.01A.11R.1839.07" 0 0 0 0.2711 0.2291 0.2355 0.1638 0.1004
"TCGA.CM.4743.01A.01R.1723.07" 0.0377 0.044 0.0424 0.1182 0.1327 0.0825 0.1493 0.3932
"TCGA.CM.4744.01A.01R.A32Z.07" 0.0333 0.0388 0.0397 0.1229 0.1202 0.1603 0.0478 0.437
"TCGA.CM.4747.01A.01R.1410.07" 0 0 0 0.2305 0.2357 0.2109 0.1469 0.176
"TCGA.CM.4751.01A.02R.1839.07" 0.0838 0.1022 0.1039 0.1558 0.131 0.1366 0.1083 0.1784
"TCGA.CM.5344.01A.21R.1723.07" 0 0 0 0.3082 0.2736 0.2679 0.0885 0.0618
"TCGA.CM.5348.01A.21R.1723.07" 0.0219 0.0252 0.0255 0.2181 0.1902 0.189 0.2085 0.1216
"TCGA.CM.5349.01A.21R.1723.07" 0.0057 0.0069 0.007 0.2359 0.2492 0.2422 0.139 0.114
"TCGA.CM.5860.01A.01R.1653.07" 0 0 0 0.2461 0.2693 0.1776 0.1341 0.173
"TCGA.CM.5861.01A.01R.1653.07" 0 0 0 0.1495 0.1469 0.1205 0.2481 0.335
"TCGA.CM.5862.01A.01R.1653.07" 0 0 0 0.2599 0.2411 0.3032 0.0499 0.1459
"TCGA.CM.5863.01A.21R.1839.07" 0.0213 0.0264 0.0266 0.2054 0.2195 0.1503 0.2511 0.0994
"TCGA.CM.5864.01A.01R.1653.07" 0.02 0.0229 0.0242 0.1868 0.173 0.2051 0.085 0.2829
"TCGA.CM.5868.01A.01R.1653.07" 0 0 0 0.2392 0.2121 0.2221 0.1837 0.1428
"TCGA.CM.6161.01A.11R.1653.07" 0.1528 0.1634 0.1607 0.0678 0.071 0.0793 0.1646 0.1404
"TCGA.CM.6162.01A.11R.1653.07" 0.1079 0.1265 0.1269 0.1254 0.1432 0.0866 0.1179 0.1655
"TCGA.CM.6163.01A.11R.1653.07" 0.1372 0.1635 0.1658 0.1042 0.0905 0.0995 0.1292 0.1101
"TCGA.CM.6164.01A.11R.1653.07" 0.0073 0.0091 0.009 0.2335 0.2078 0.2115 0.1455 0.1762
"TCGA.CM.6165.01A.11R.1653.07" 0.003 0.0035 0.0036 0.211 0.202 0.1932 0.259 0.1247
"TCGA.CM.6166.01A.11R.1653.07" 0.0237 0.0274 0.0267 0.153 0.1581 0.1611 0.1637 0.2864
"TCGA.CM.6167.01A.11R.1653.07" 0.0741 0.0848 0.0852 0.1444 0.1636 0.1303 0.1716 0.1459
"TCGA.CM.6168.01A.11R.1653.07" 0.1011 0.1176 0.1183 0.1371 0.1555 0.0987 0.1514 0.1202
"TCGA.CM.6169.01A.11R.1653.07" 0.0857 0.1012 0.1007 0.1445 0.1507 0.127 0.1767 0.1135
"TCGA.CM.6170.01A.11R.1653.07" 0 0 0 0.2892 0.2446 0.2544 0.1188 0.0931
"TCGA.CM.6171.01A.11R.1653.07" 0.0207 0.0251 0.0241 0 0 0 0.6742 0.2559
"TCGA.CM.6172.01A.11R.1653.07" 0 0 0 0.1531 0.1424 0.1657 0.3683 0.1706
"TCGA.CM.6674.01A.11R.1839.07" 0 0 0 0.1743 0.1488 0.1496 0.3131 0.2141
"TCGA.CM.6675.01A.11R.1839.07" 0.0841 0.0983 0.0855 0.0042 0.0044 0.0034 0.2225 0.4976
"TCGA.CM.6676.01A.11R.1839.07" 0 0 0 0.2468 0.2299 0.2583 0.1585 0.1065
"TCGA.CM.6677.01A.11R.1839.07" 0.0164 0.0192 0.0195 0.2368 0.1972 0.2499 0.1341 0.1269
"TCGA.CM.6678.01A.11R.1839.07" 0 0 0 0.2683 0.234 0.2665 0.1412 0.0899
"TCGA.CM.6679.01A.11R.1839.07" 0.0084 0.0099 0.0101 0.2621 0.2344 0.2282 0.1712 0.0757
"TCGA.CM.6680.01A.11R.1839.07" 0.081 0.0913 0.0878 0.1621 0.1684 0.1384 0.1485 0.1223
"TCGA.D5.5537.01A.21R.1928.07" 0 0 0 0.304 0.3249 0.2324 0.0973 0.0414
"TCGA.D5.5538.01A.01R.1653.07" 0.0762 0.0898 0.0807 0.1316 0.1129 0.1129 0.1341 0.2619
"TCGA.D5.5539.01A.01R.1653.07" 0.0155 0.0151 0.0156 0.2686 0.2583 0.2098 0.147 0.0701
"TCGA.D5.5540.01A.01R.1653.07" 0 0 0 0.1506 0.1446 0.182 0.118 0.4048
"TCGA.D5.5541.01A.01R.1653.07" 0.0721 0.0901 0.0871 0.1221 0.1299 0.1189 0.1532 0.2266
"TCGA.D5.6529.01A.11R.1774.07" 0.1509 0.18 0.1787 0.0529 0.0602 0.0364 0.1396 0.2013
"TCGA.D5.6530.01A.11R.1723.07" 0.1014 0.1225 0.1152 0.0677 0.0654 0.0851 0.1508 0.292
"TCGA.D5.6531.01A.11R.1723.07" 0.0183 0.0227 0.0244 0.166 0.165 0.1686 0.1224 0.3126
"TCGA.D5.6532.01A.11R.1723.07" 0 0 0 0.2164 0.2128 0.1988 0.2299 0.1421
"TCGA.D5.6533.01A.11R.1723.07" 0.0531 0.0637 0.067 0.1151 0.1257 0.0959 0.134 0.3455
"TCGA.D5.6534.01A.21R.1928.07" 0.0915 0.1053 0.1054 0.141 0.1253 0.1219 0.1535 0.1562
"TCGA.D5.6535.01A.11R.1723.07" 0.0873 0.0979 0.1014 0.1474 0.1625 0.1057 0.1713 0.1265
"TCGA.D5.6536.01A.11R.1723.07" 0.0539 0.0645 0.0661 0.1239 0.1059 0.1057 0.1511 0.329
"TCGA.D5.6537.01A.11R.1723.07" 0.0959 0.1212 0.116 0.0367 0.0378 0.0319 0.126 0.4344
"TCGA.D5.6538.01A.11R.1723.07" 0 0 0 0.1628 0.1388 0.156 0.203 0.3393
"TCGA.D5.6539.01A.11R.1723.07" 0.0997 0.1189 0.1196 0.0783 0.0827 0.0671 0.2638 0.1698
"TCGA.D5.6540.01A.11R.1723.07" 0 0 0 0.1737 0.1941 0.1231 0.2782 0.2309
"TCGA.D5.6541.01A.11R.1723.07" 0.0326 0.0304 0.0303 0.1606 0.1775 0.1148 0.23 0.2238
"TCGA.D5.6898.01A.11R.1928.07" 0.0603 0.0719 0.073 0.1111 0.096 0.0985 0.2554 0.2338
"TCGA.D5.6920.01A.11R.1928.07" 0.088 0.1089 0.1048 0.1026 0.1038 0.0901 0.1593 0.2425
"TCGA.D5.6922.01A.11R.1928.07" 0.0184 0.0215 0.0217 0.1667 0.1475 0.1414 0.2056 0.2773
"TCGA.D5.6923.01A.11R.A32Z.07" 0 0 0 0.256 0.2246 0.2198 0.185 0.1145
"TCGA.D5.6924.01A.11R.1928.07" 0.12 0.1412 0.1421 0.076 0.0656 0.0651 0.1844 0.2056
"TCGA.D5.6926.01A.11R.1928.07" 0 0 0 0.2494 0.2158 0.213 0.1734 0.1484
"TCGA.D5.6927.01A.21R.1928.07" 0.0592 0.0717 0.0706 0.1798 0.1544 0.1552 0.106 0.2031
"TCGA.D5.6928.01A.11R.1928.07" 0.1981 0.2195 0.2203 0.0704 0.0615 0.0607 0.0578 0.1117
"TCGA.D5.6929.01A.31R.1928.07" 0 0 0 0.2099 0.2034 0.2691 0.1449 0.1727
"TCGA.D5.6930.01A.11R.1928.07" 0.0692 0.081 0.0816 0.1727 0.1848 0.1255 0.0784 0.2067
"TCGA.D5.6931.01A.11R.1928.07" 0.0821 0.0934 0.0943 0.0627 0.0552 0.0536 0.2243 0.3343
"TCGA.D5.6932.01A.11R.1928.07" 0 0 0 0.2806 0.2395 0.2411 0.1354 0.1034
"TCGA.D5.7000.01A.11R.A32Z.07" 0 0 0 0.2058 0.2239 0.1487 0.3043 0.1173
"TCGA.DM.A0X9.01A.11R.A155.07" 0.0316 0.04 0.0367 0.136 0.1149 0.1334 0.0883 0.419
"TCGA.DM.A0XD.01A.12R.A155.07" 0 0 0 0.1798 0.1684 0.2251 0.2085 0.2181
"TCGA.DM.A0XF.01A.11R.A155.07" 0 0 0 0.2616 0.2679 0.2196 0.0813 0.1696
"TCGA.DM.A1D0.01A.11R.A155.07" 0.0487 0.0647 0.0618 0.075 0.0727 0.0672 0.1452 0.4648
"TCGA.DM.A1D4.01A.21R.A155.07" 0.0453 0.0534 0.0613 0.0659 0.0592 0.0665 0.1823 0.4661
"TCGA.DM.A1D6.01A.21R.A155.07" 0 0 0 0.1892 0.165 0.1839 0.2254 0.2365
"TCGA.DM.A1D7.01A.11R.A155.07" 0.0285 0.0323 0.0337 0.1938 0.1968 0.1988 0.0794 0.2368
"TCGA.DM.A1D8.01A.11R.A155.07" 0.0127 0.014 0.0132 0.1261 0.1258 0.1203 0.1657 0.4221
"TCGA.DM.A1D9.01A.11R.A155.07" 0 0 0 0.1623 0.1535 0.1807 0.1915 0.3119
"TCGA.DM.A1DA.01A.11R.A155.07" 0 0 0 0.2312 0.1912 0.224 0.1582 0.1954
"TCGA.DM.A1DB.01A.11R.A155.07" 0.0293 0.0331 0.0364 0.1648 0.158 0.1778 0.0773 0.3232
"TCGA.DM.A1HA.01A.11R.A155.07" 0.0631 0.0569 0.0554 0.0665 0.0619 0.0617 0.1322 0.5022
"TCGA.DM.A1HB.01A.21R.A180.07" 0 0 0 0.2769 0.2544 0.3164 0.0691 0.0832
"TCGA.DM.A280.01A.12R.A16W.07" 5e-04 7e-04 7e-04 0.1379 0.1274 0.1634 0.3393 0.23
"TCGA.DM.A282.01A.12R.A16W.07" 0 0 0 0.2433 0.2452 0.2551 0.118 0.1383
"TCGA.DM.A285.01A.11R.A16W.07" 0 0 0 0.3006 0.2723 0.2596 0.0927 0.0749
"TCGA.DM.A288.01A.11R.A16W.07" 0.0354 0.04 0.0427 0.0942 0.0873 0.0883 0.1315 0.4807
"TCGA.DM.A28A.01A.21R.A32Y.07" 0 0 0 0.2532 0.2462 0.3096 0.0842 0.1069
"TCGA.DM.A28C.01A.11R.A32Y.07" 0 0 0 0.1657 0.144 0.1624 0.1086 0.4193
"TCGA.DM.A28E.01A.11R.A32Y.07" 0.0481 0.0584 0.0592 0.095 0.0951 0.0916 0.1135 0.4392
"TCGA.DM.A28F.01A.11R.A32Y.07" 0 0 0 0.2388 0.2116 0.2303 0.2354 0.084
"TCGA.DM.A28G.01A.11R.A16W.07" 0 0 0 0.1568 0.1437 0.153 0.3144 0.2322
"TCGA.DM.A28H.01A.11R.A16W.07" 0 0 0 0.1822 0.1584 0.1737 0.106 0.3797
"TCGA.DM.A28K.01A.21R.A32Y.07" 0 0 0 0.1191 0.1037 0.1173 0.4541 0.2058
"TCGA.DM.A28M.01A.12R.A16W.07" 0.0728 0.0789 0.0864 0.1067 0.0915 0.1043 0.0765 0.3829
"TCGA.F4.6459.01A.11R.1774.07" 0 0 0 0.2194 0.1906 0.1879 0.2265 0.1756
"TCGA.F4.6460.01A.11R.1774.07" 0.0515 0.0594 0.0601 0.1858 0.1685 0.1972 0.1345 0.143
"TCGA.F4.6461.01A.11R.1774.07" 0.0546 0.0663 0.0667 0.1512 0.1439 0.1402 0.2354 0.1418
"TCGA.F4.6463.01A.11R.1723.07" 0.0349 0.0397 0.0401 0.1893 0.1679 0.1453 0.2355 0.1472
"TCGA.F4.6569.01A.11R.1774.07" 0.037 0.0432 0.0438 0.2121 0.1838 0.1824 0.2 0.0977
"TCGA.F4.6570.01A.11R.1774.07" 0.0449 0.0538 0.0532 0.134 0.1146 0.1148 0.1082 0.3764
"TCGA.F4.6703.01A.11R.1839.07" 0.1116 0.1302 0.1302 0.0991 0.0857 0.0852 0.0937 0.2644
"TCGA.F4.6704.11A.01R.1839.07" 0.0572 0.0652 0.0659 0.2416 0.2185 0.2168 0.0612 0.0736
"TCGA.F4.6704.01A.11R.1839.07" 0.0257 0.0295 0.0297 0.1657 0.1663 0.2149 0.1631 0.2051
"TCGA.F4.6805.01A.11R.1839.07" 0.023 0.0267 0.027 0.2415 0.2156 0.2107 0.1428 0.1126
"TCGA.F4.6806.01A.11R.1839.07" 0.0306 0.0319 0.0346 0.1192 0.1243 0.1096 0.2522 0.2976
"TCGA.F4.6807.01A.11R.1839.07" 0.0789 0.0928 0.0935 0.1888 0.2138 0.1361 0.079 0.1171
"TCGA.F4.6808.01A.11R.1839.07" 0 0 0 0.2698 0.2477 0.2825 0.1093 0.0908
"TCGA.F4.6809.01A.11R.1839.07" 0.1547 0.1755 0.1829 0.1151 0.1209 0.1001 0.0577 0.0931
"TCGA.F4.6854.01A.11R.1928.07" 0.0086 0.0106 0.0102 0.2181 0.188 0.2213 0.137 0.2061
"TCGA.F4.6855.01A.11R.1928.07" 0 0 0 0.1993 0.1972 0.2679 0.2138 0.1218
"TCGA.F4.6856.01A.11R.1928.07" 0 0 0 0.1445 0.1337 0.1454 0.3583 0.218
"TCGA.G4.6293.01A.11R.1723.07" 0.132 0.1552 0.1641 0.1026 0.0943 0.0867 0.0929 0.1722
"TCGA.G4.6294.01A.11R.1774.07" 0.0087 0.0106 0.0105 0.1957 0.1704 0.1816 0.1887 0.2338
"TCGA.G4.6295.01A.11R.1723.07" 0.1299 0.1582 0.1493 0.1497 0.1648 0.1451 0.0119 0.0911
"TCGA.G4.6297.01A.11R.1723.07" 0.0053 0.0066 0.0066 0.2295 0.2022 0.1988 0.2364 0.1145
"TCGA.G4.6298.01A.11R.1723.07" 0 0 0 0.2248 0.187 0.2752 0.1684 0.1448
"TCGA.G4.6299.01A.11R.1774.07" 0.0398 0.0476 0.0476 0.232 0.1988 0.2006 0.1352 0.0984
"TCGA.G4.6302.01A.11R.1723.07" 0.0312 0.0364 0.0366 0.2031 0.187 0.1451 0.1627 0.1978
"TCGA.G4.6303.01A.11R.1774.07" 0 0 0 0.2917 0.2835 0.26 0.1258 0.0389
"TCGA.G4.6304.01A.11R.1928.07" 0.1069 0.1221 0.1205 0.038 0.0355 0.045 0.1029 0.429
"TCGA.G4.6306.01A.11R.1774.07" 0.0375 0.0467 0.0467 0.2333 0.2418 0.203 0.0234 0.1675
"TCGA.G4.6307.01A.11R.1723.07" 4e-04 5e-04 5e-04 0.1449 0.134 0.1672 0.1274 0.425
"TCGA.G4.6309.01A.21R.1839.07" 0.0314 0.0371 0.0375 0.1362 0.1339 0.1081 0.1648 0.3508
"TCGA.G4.6310.01A.11R.1723.07" 0 0 0 0.2707 0.2899 0.2536 0.0926 0.0932
"TCGA.G4.6311.01A.11R.1723.07" 0.0524 0.0466 0.0474 0.1642 0.1889 0.1161 0.175 0.2094
"TCGA.G4.6314.01A.11R.1723.07" 0.0075 0.0086 0.0087 0.2906 0.2574 0.2512 0.1266 0.0494
"TCGA.G4.6315.01A.11R.1723.07" 0.0179 0.023 0.0225 0.1642 0.1421 0.1507 0.1183 0.3613
"TCGA.G4.6317.01A.11R.1723.07" 0 0 0 0.1611 0.1319 0.1518 0.1451 0.4102
"TCGA.G4.6317.02A.11R.2066.07" 0 0 0 0.242 0.2505 0.2079 0.1925 0.1071
"TCGA.G4.6320.01A.11R.1723.07" 0.074 0.0882 0.083 0.0512 0.0453 0.0518 0.1865 0.4201
"TCGA.G4.6321.01A.11R.1723.07" 0.0628 0.0755 0.0752 0.1685 0.1743 0.134 0.1442 0.1654
"TCGA.G4.6322.01A.11R.1723.07" 0.0405 0.0484 0.0507 0.1705 0.1451 0.1616 0.108 0.2752
"TCGA.G4.6323.01A.11R.1723.07" 0.3539 0.2907 0.2919 0 0 0 0.0396 0.0239
"TCGA.G4.6586.01A.11R.1774.07" 0.0389 0.0484 0.0459 0.1629 0.1558 0.1525 0.0566 0.339
"TCGA.G4.6588.01A.11R.1774.07" 0.0371 0.0442 0.0424 0.1876 0.1955 0.1406 0.1716 0.181
"TCGA.G4.6625.01A.21R.1774.07" 0.2166 0.252 0.2554 0.0104 0.009 0.009 0.0783 0.1693
"TCGA.G4.6626.01A.11R.1774.07" 0.0062 0.008 0.0073 0.2881 0.2364 0.2566 0.0501 0.1473
"TCGA.G4.6627.01A.11R.1774.07" 0.1063 0.1194 0.1205 0.1821 0.1684 0.1375 0.1136 0.0522
"TCGA.G4.6628.01A.11R.1839.07" 0.1062 0.1215 0.1148 0.1754 0.1507 0.1573 0.0256 0.1484
"TCGA.NH.A50T.01A.11R.A28H.07" 0 0 0 0.2591 0.242 0.2448 0.1123 0.1418
"TCGA.NH.A50U.01A.33R.A37K.07" 0 0 0 0.2888 0.2865 0.262 0.1222 0.0405
"TCGA.NH.A50V.01A.11R.A28H.07" 0.1434 0.1447 0.1424 0.0377 0.0364 0.0471 0.2215 0.2268
"TCGA.NH.A5IV.01A.42R.A37K.07" 0.0982 0.0979 0.0921 0.143 0.1209 0.1235 0.0994 0.2252
"TCGA.NH.A6GA.01A.11R.A37K.07" 0.0491 0.0547 0.0637 0.1105 0.0988 0.1032 0.2084 0.3117
"TCGA.NH.A6GB.01A.11R.A37K.07" 0.0092 0.0111 0.0116 0.1694 0.1726 0.1359 0.1718 0.3183
"TCGA.NH.A6GC.01A.12R.A41B.07" 0 0 0 0.3111 0.266 0.2685 0.103 0.0513
"TCGA.NH.A8F7.06A.31R.A41B.07" 0.0514 0.0705 0.0624 0.0619 0.0678 0.0608 0.161 0.4643
"TCGA.NH.A8F7.01A.11R.A41B.07" 0.0572 0.0683 0.0609 0.0546 0.0499 0.0492 0.138 0.5219
"TCGA.NH.A8F8.01A.72R.A41B.07" 0 0 0 0.1589 0.1429 0.1527 0.3428 0.2027
"TCGA.QG.A5YV.01A.11R.A28H.07" 0.0431 0.05 0.0537 0.1226 0.1132 0.1165 0.1522 0.3487
"TCGA.QG.A5YW.01A.11R.A28H.07" 0.1234 0.1354 0.1434 0.0795 0.0779 0.0664 0.14 0.234
"TCGA.QG.A5YX.01A.11R.A28H.07" 0.0927 0.113 0.1053 0.0771 0.0799 0.066 0.1234 0.3426
"TCGA.QG.A5Z1.01A.11R.A28H.07" 0 0 0 0.2669 0.2448 0.2237 0.1622 0.1024
"TCGA.QG.A5Z2.01A.11R.A28H.07" 0.1873 0.2201 0.2032 0.0771 0.0655 0.0794 0.0722 0.0951
"TCGA.QL.A97D.01A.12R.A41B.07" 0.0918 0.1047 0.1097 0.1927 0.175 0.1827 0.0223 0.1212
"TCGA.RU.A8FL.01A.11R.A37K.07" 0.0463 0.0586 0.056 0.0666 0.0606 0.0599 0.1497 0.5024
"TCGA.SS.A7HO.01A.21R.A37K.07" 0.056 0.068 0.0642 0.1101 0.0964 0.108 0.1106 0.3867
"TCGA.T9.A92H.01A.11R.A37K.07" 0.0787 0.0936 0.099 0.0715 0.0621 0.0642 0.088 0.4429
"TCGA.WS.AB45.01A.11R.A41B.07" 0.1823 0.2127 0.2127 0.0171 0.0147 0.0147 0.1823 0.1637
