"CD4_na" "CD4_cenm" "CD4_efm" "CD8_na" "CD8_cenm" "CD8_efm" "Treg" "T gamma delta"
"TCGA.FA.8693.01A.11R.2404.07" 0.0537 0.0733 0.0851 0.2166 0.2113 0.1762 0.0591 0.1248
"TCGA.FA.A4BB.01A.11R.A31O.07" 0.2665 0.1987 0.1755 0.091 0.0747 0.1001 0.0493 0.0442
"TCGA.FA.A4XK.01A.11R.A31O.07" 0.0711 0.2273 0.1471 0.1336 0.1492 0.0901 0.0917 0.09
"TCGA.FA.A6HN.01A.11R.A31O.07" 0.2586 0.2468 0.2013 0.0606 0.0507 0.0718 0.0381 0.0721
"TCGA.FA.A6HO.01A.11R.A31O.07" 0.1271 0.246 0.1573 0.1165 0.1288 0.112 0.0396 0.0728
"TCGA.FA.A7DS.01A.11R.A38C.07" 0.135 0.1772 0.1373 0.1223 0.0985 0.1316 0.0602 0.1379
"TCGA.FA.A7Q1.01A.11R.A38C.07" 0.2085 0.2008 0.1627 0.1293 0.1103 0.114 0.0668 0.0077
"TCGA.FA.A82F.01A.11R.A38C.07" 0.108 0.2151 0.1802 0.1412 0.1205 0.1191 0.0508 0.0651
"TCGA.FA.A86F.01A.11R.A38C.07" 0.2488 0.2465 0.1949 0.0577 0.0486 0.053 0.0457 0.1047
"TCGA.FF.8041.01A.11R.2213.07" 0.0586 0.0753 0.1011 0.2068 0.204 0.1878 0.0539 0.1124
"TCGA.FF.8042.01A.11R.2213.07" 0.0178 0.0757 0.0905 0.2718 0.2958 0.1889 0.0133 0.0463
"TCGA.FF.8043.01A.11R.2213.07" 0.0588 0.0761 0.0911 0.2454 0.2102 0.2123 0.0425 0.0636
"TCGA.FF.8046.01A.11R.2213.07" 0.2172 0.1588 0.1505 0.1487 0.1523 0.1158 0.0219 0.0349
"TCGA.FF.8047.01A.11R.2213.07" 0.1418 0.2012 0.1689 0.1613 0.1419 0.1258 0.0295 0.0297
"TCGA.FF.8061.01A.11R.2213.07" 0.0184 0.0788 0.1221 0.2442 0.2085 0.2034 0.0418 0.0827
"TCGA.FF.8062.01A.11R.2213.07" 0.1024 0.2012 0.1635 0.1432 0.1393 0.1164 0.0376 0.0964
"TCGA.FF.A7CQ.01A.11R.A38C.07" 0.1344 0.1711 0.136 0.1251 0.1002 0.1208 0.0496 0.1628
"TCGA.FF.A7CR.01A.11R.A38C.07" 0.1284 0.2802 0.1729 0.0904 0.094 0.0818 0.0425 0.1099
"TCGA.FF.A7CW.01A.11R.A38C.07" 0.1801 0.2316 0.1987 0.0841 0.0861 0.1037 0.0255 0.0902
"TCGA.FF.A7CX.01A.12R.A38C.07" 0.1281 0.1984 0.1556 0.1568 0.1337 0.1417 0.0701 0.0156
"TCGA.FM.8000.01A.11R.2213.07" 0.1507 0.1633 0.1996 0.1631 0.1363 0.1235 0.0263 0.0371
"TCGA.G8.6324.01A.11R.2213.07" 0.3136 0.2087 0.1932 0.078 0.0635 0.0932 0.0243 0.0254
"TCGA.G8.6325.01A.11R.2213.07" 0.0469 0.133 0.2251 0.1577 0.1553 0.1219 0.0358 0.1242
"TCGA.G8.6326.01A.11R.2213.07" 0.1853 0.1095 0.093 0.1228 0.119 0.1083 0.0599 0.2021
"TCGA.G8.6906.01A.11R.2213.07" 0.0615 0.1604 0.1282 0.1978 0.1655 0.1651 0.0501 0.0715
"TCGA.G8.6907.01A.11R.2213.07" 0.0114 0.0154 0.0185 0.3339 0.2847 0.286 0.0204 0.0298
"TCGA.G8.6909.01A.11R.2213.07" 0.102 0.1353 0.1771 0.1446 0.154 0.0978 0.0465 0.1427
"TCGA.G8.6914.01A.11R.2213.07" 0.0225 0.0864 0.1154 0.2199 0.2387 0.1508 0.0342 0.1321
"TCGA.GR.7351.01A.11R.2213.07" 0.0583 0.0744 0.0915 0.2143 0.2121 0.2063 0.0323 0.1107
"TCGA.GR.7353.01A.11R.2213.07" 0.1368 0.1706 0.1312 0.1397 0.1163 0.1535 0.0607 0.0912
"TCGA.GR.A4D4.01A.11R.A31O.07" 0.1242 0.2966 0.1872 0.0855 0.0944 0.0583 0.1 0.0538
"TCGA.GR.A4D5.01A.11R.A31O.07" 0.1101 0.2808 0.1684 0.1196 0.0977 0.1297 0.0512 0.0425
"TCGA.GR.A4D6.01A.11R.A31O.07" 0.2727 0.2121 0.1804 0.0885 0.0763 0.0808 0.0278 0.0614
"TCGA.GR.A4D9.01B.11R.A31O.07" 0.1346 0.1914 0.1491 0.1226 0.1205 0.1301 0.0764 0.0754
"TCGA.GS.A9TQ.01A.11R.A38C.07" 0.0325 0.0289 0.023 0.266 0.2181 0.2908 0.0698 0.071
"TCGA.GS.A9TT.01A.11R.A38C.07" 0.1188 0.1522 0.1186 0.1889 0.1754 0.1988 0.0472 0
"TCGA.GS.A9TU.01A.11R.A38C.07" 0.1485 0.2129 0.1627 0.1191 0.0971 0.1269 0.064 0.0689
"TCGA.GS.A9TV.01A.11R.A38C.07" 0.1321 0.2787 0.1759 0.0987 0.1004 0.0951 0.0378 0.0813
"TCGA.GS.A9TW.01A.11R.A38C.07" 0.0495 0.1498 0.0971 0.1651 0.1375 0.1739 0.0459 0.1813
"TCGA.GS.A9TX.01A.11R.A38C.07" 0.3087 0.234 0.2124 0.0489 0.042 0.0446 0.0722 0.0373
"TCGA.GS.A9TY.01A.11R.A39D.07" 0.129 0.1698 0.1962 0.1379 0.1126 0.1498 0.0386 0.066
"TCGA.GS.A9TZ.01A.11R.A39D.07" 0.1749 0.2355 0.1982 0.0846 0.0886 0.0667 0.0713 0.0802
"TCGA.GS.A9U3.01A.11R.A39D.07" 0.1417 0.296 0.1979 0.0753 0.0839 0.0731 0.0563 0.0758
"TCGA.GS.A9U4.01A.11R.A39D.07" 0.0772 0.2154 0.1459 0.0966 0.0782 0.1035 0.0547 0.2285
"TCGA.RQ.A68N.01A.11R.A31O.07" 0.1121 0.1565 0.1867 0.1384 0.1131 0.1494 0.0356 0.1082
"TCGA.RQ.A6JB.01A.11R.A31O.07" 0.0731 0.2137 0.144 0.1271 0.1043 0.1416 0.0849 0.1113
"TCGA.RQ.AAAT.01A.11R.A39D.07" 0.0775 0.1106 0.0857 0.2235 0.1986 0.2521 0.0272 0.0247
"TCGA.VB.A8QN.01A.11R.A38C.07" 0.0788 0.2851 0.1953 0.1327 0.11 0.143 0.0293 0.0257
