"CD4_na" "CD4_cenm" "CD4_efm" "CD8_na" "CD8_cenm" "CD8_efm" "Treg" "T gamma delta"
"TCGA.02.0047.01A.01R.1849.01" 0.0846 0.0903 0.0885 0.185 0.1891 0.1787 0.1086 0.0751
"TCGA.02.0055.01A.01R.1849.01" 0.0802 0.0902 0.0999 0.1446 0.1299 0.1278 0.0769 0.2505
"TCGA.02.2483.01A.01R.1849.01" 0.1474 0.124 0.1167 0.1257 0.1145 0.1358 0.115 0.1208
"TCGA.02.2485.01A.01R.1849.01" 0.0763 0.1091 0.107 0.2058 0.2203 0.1804 0.0489 0.0522
"TCGA.02.2486.01A.01R.1849.01" 0.0476 0.055 0.0593 0.2131 0.2219 0.185 0.055 0.1631
"TCGA.06.0125.01A.01R.1849.01" 0.0706 0.0914 0.0941 0.1307 0.1333 0.1137 0.1734 0.193
"TCGA.06.0125.02A.11R.2005.01" 0.0623 0.0645 0.0642 0.1665 0.1719 0.1612 0.094 0.2152
"TCGA.06.0129.01A.01R.1849.01" 0.1637 0.1896 0.1921 0.0637 0.066 0.0611 0.1361 0.1278
"TCGA.06.0130.01A.01R.1849.01" 0.1269 0.1431 0.1579 0.1118 0.1014 0.1005 0.077 0.1814
"TCGA.06.0132.01A.02R.1849.01" 0.1514 0.1541 0.1545 0.1137 0.1093 0.11 0.0524 0.1546
"TCGA.06.0138.01A.02R.1849.01" 0.0751 0.0848 0.0796 0.1965 0.1991 0.1813 0.0499 0.1337
"TCGA.06.0141.01A.01R.1849.01" 0.0769 0.0874 0.0851 0.1569 0.1291 0.1363 0.0978 0.2306
"TCGA.06.0152.02A.01R.2005.01" 0.1487 0.1664 0.1682 0.0932 0.0836 0.0831 0.0814 0.1754
"TCGA.06.0156.01A.03R.1849.01" 0.0988 0.1132 0.1102 0.1393 0.1126 0.11 0.097 0.2189
"TCGA.06.0157.01A.01R.1849.01" 0.1036 0.1346 0.1321 0.1139 0.1022 0.097 0.0992 0.2174
"TCGA.06.0158.01A.01R.1849.01" 0.0799 0.0927 0.0997 0.1947 0.1859 0.1809 0.0707 0.0955
"TCGA.06.0168.01A.01R.1849.01" 0.1504 0.1255 0.1233 0.1182 0.1048 0.1034 0.0316 0.2427
"TCGA.06.0171.02A.11R.2005.01" 0.2743 0.2275 0.2244 0.0704 0.0682 0.0633 0.0367 0.0351
"TCGA.06.0174.01A.01R.1849.01" 0.0632 0.0968 0.0954 0.1271 0.1195 0.1034 0.1338 0.2609
"TCGA.06.0178.01A.01R.1849.01" 0.0457 0.0492 0.0505 0.2358 0.2157 0.2483 0.0577 0.097
"TCGA.06.0184.01A.01R.1849.01" 0.0837 0.0865 0.0873 0.1878 0.176 0.1791 0.0334 0.1661
"TCGA.06.0187.01A.01R.1849.01" 0.0461 0.0527 0.0537 0.2139 0.231 0.1963 0.0635 0.1427
"TCGA.06.0190.01A.01R.1849.01" 0.0829 0.0932 0.102 0.1567 0.141 0.1391 0.0752 0.21
"TCGA.06.0190.02A.01R.2005.01" 0.0899 0.0999 0.1099 0.0953 0.0892 0.0851 0.0961 0.3346
"TCGA.06.0210.01A.01R.1849.01" 0.0925 0.0937 0.0942 0.1031 0.0977 0.0971 0.1162 0.3054
"TCGA.06.0210.02A.01R.2005.01" 0.1116 0.1408 0.1284 0.0613 0.0625 0.0594 0.1471 0.2889
"TCGA.06.0211.01B.01R.1849.01" 0.0957 0.1196 0.1179 0.0918 0.0812 0.0794 0.1876 0.2267
"TCGA.06.0211.02A.02R.2005.01" 0.0691 0.0915 0.088 0.1768 0.1545 0.1481 0.0964 0.1756
"TCGA.06.0219.01A.01R.1849.01" 0.0297 0.0304 0.0306 0.1354 0.1415 0.1301 0.1046 0.3977
"TCGA.06.0221.02A.11R.2005.01" 0.0401 0.0383 0.0374 0.25 0.2565 0.2097 0.0962 0.0718
"TCGA.06.0238.01A.02R.1849.01" 0.1056 0.1103 0.112 0.186 0.1783 0.1804 0.058 0.0695
"TCGA.06.0644.01A.02R.1849.01" 0.0678 0.0907 0.0917 0.0808 0.0715 0.071 0.1091 0.4174
"TCGA.06.0645.01A.01R.1849.01" 0.1167 0.0993 0.1003 0.1546 0.1626 0.1335 0.0518 0.1813
"TCGA.06.0646.01A.01R.1849.01" 0.1406 0.1729 0.1639 0.04 0.0406 0.0367 0.1017 0.3037
"TCGA.06.0649.01B.01R.1849.01" 0.098 0.111 0.113 0.1347 0.1263 0.1254 0.1182 0.1734
"TCGA.06.0675.11A.32R.A36H.07" 0.0341 0.0417 0.0415 0.2739 0.2961 0.2675 0.0315 0.0136
"TCGA.06.0678.11A.32R.A36H.07" 0.0955 0.1012 0.0983 0.2134 0.2286 0.2016 0.0614 0
"TCGA.06.0680.11A.32R.A36H.07" 0.0123 0.0156 0.0162 0.3032 0.3542 0.2797 0.0187 0
"TCGA.06.0681.11A.41R.A36H.07" 0.0634 0.0658 0.0651 0.258 0.2567 0.2444 0.0353 0.0113
"TCGA.06.0686.01A.01R.1849.01" 0.0709 0.0764 0.0791 0.1825 0.1666 0.173 0.0565 0.195
"TCGA.06.0743.01A.01R.1849.01" 0.0732 0.0847 0.0806 0.1521 0.1366 0.1303 0.0495 0.2928
"TCGA.06.0744.01A.01R.1849.01" 0.0725 0.0903 0.0935 0.1706 0.1498 0.148 0.1028 0.1726
"TCGA.06.0745.01A.01R.1849.01" 0.1086 0.1318 0.1357 0.0971 0.1034 0.0914 0.0468 0.2852
"TCGA.06.0747.01A.01R.1849.01" 0.0394 0.0447 0.0441 0.1807 0.196 0.1542 0.1224 0.2184
"TCGA.06.0749.01A.01R.1849.01" 0.1017 0.1079 0.1073 0.1881 0.1782 0.1764 0.0555 0.0849
"TCGA.06.0750.01A.01R.1849.01" 0.0535 0.0619 0.0673 0.1909 0.1644 0.1646 0.0573 0.2401
"TCGA.06.0878.01A.01R.1849.01" 0.0599 0.0723 0.0775 0.103 0.1088 0.091 0.1856 0.3019
"TCGA.06.0882.01A.01R.1849.01" 0.1099 0.1242 0.1158 0.1124 0.1034 0.0986 0.1289 0.2068
"TCGA.06.1804.01A.01R.1849.01" 0.1756 0.2265 0.2246 0.0175 0.0181 0.0154 0.151 0.1714
"TCGA.06.2557.01A.01R.1849.01" 0.1902 0.2173 0.2216 0.0234 0.0229 0.0239 0.0801 0.2206
"TCGA.06.2558.01A.01R.1849.01" 0.1626 0.1719 0.175 0.0673 0.0633 0.0556 0.2233 0.0811
"TCGA.06.2559.01A.01R.1849.01" 0.0571 0.0834 0.0835 0.1878 0.203 0.1691 0.0748 0.1413
"TCGA.06.2561.01A.02R.1849.01" 0.1237 0.1501 0.143 0.0973 0.1039 0.0898 0.1365 0.1558
"TCGA.06.2562.01A.01R.1849.01" 0.0967 0.1093 0.1136 0.1066 0.0929 0.0904 0.1372 0.2533
"TCGA.06.2563.01A.01R.1849.01" 0.0972 0.1201 0.1097 0.1081 0.0984 0.0948 0.146 0.2258
"TCGA.06.2564.01A.01R.1849.01" 0.0946 0.1212 0.1187 0.0588 0.0535 0.051 0.2975 0.2047
"TCGA.06.2565.01A.01R.1849.01" 0.1082 0.1277 0.1333 0.0976 0.1003 0.0882 0.1216 0.2231
"TCGA.06.2567.01A.01R.1849.01" 0.1454 0.1652 0.1621 0.0766 0.0811 0.0681 0.084 0.2175
"TCGA.06.2569.01A.01R.1849.01" 0 0 0 0.2278 0.2226 0.2774 0.2014 0.0707
"TCGA.06.2570.01A.01R.1849.01" 0.1132 0.1356 0.1404 0.1323 0.1191 0.1457 0.098 0.1157
"TCGA.06.5408.01A.01R.1849.01" 0.0351 0.0422 0.0442 0.2569 0.2223 0.2231 0.093 0.0832
"TCGA.06.5410.01A.01R.1849.01" 0.1316 0.1367 0.1364 0.1455 0.1485 0.1408 0.0433 0.1172
"TCGA.06.5411.01A.01R.1849.01" 0.0989 0.1003 0.101 0.1899 0.1851 0.1851 0.0751 0.0644
"TCGA.06.5412.01A.01R.1849.01" 0.0957 0.1131 0.1198 0.14 0.1282 0.1317 0.0588 0.2128
"TCGA.06.5413.01A.01R.1849.01" 0.1081 0.138 0.1388 0.0983 0.0837 0.085 0.1337 0.2144
"TCGA.06.5414.01A.01R.1849.01" 0.0647 0.085 0.0834 0.1976 0.2079 0.1774 0.0416 0.1423
"TCGA.06.5415.01A.01R.1849.01" 0.0349 0.0416 0.0444 0.2196 0.2268 0.1955 0.0805 0.1567
"TCGA.06.5416.01A.01R.1849.01" 0.1005 0.1194 0.12 0.1351 0.1399 0.1228 0.1269 0.1353
"TCGA.06.5417.01A.01R.1849.01" 0.0816 0.0874 0.0848 0.1766 0.1659 0.1897 0.1177 0.0963
"TCGA.06.5418.01A.01R.1849.01" 0.0621 0.0768 0.0698 0.1769 0.1731 0.1928 0.0753 0.1732
"TCGA.06.5856.01A.01R.1849.01" 0.0381 0.0466 0.0455 0.2068 0.1886 0.2225 0.0951 0.1567
"TCGA.06.5858.01A.01R.1849.01" 0.1275 0.1322 0.131 0.0487 0.0472 0.0472 0.211 0.2552
"TCGA.06.5859.01A.01R.1849.01" 0.07 0.0842 0.0818 0.2163 0.2235 0.1989 0.0699 0.0554
"TCGA.06.AABW.11A.31R.A36H.07" 0.072 0.072 0.072 0.2227 0.2227 0.2227 0.0695 0.0464
"TCGA.08.0386.01A.01R.1849.01" 0.13 0.1597 0.1613 0.0539 0.0612 0.0478 0.128 0.2581
"TCGA.12.0616.01A.01R.1849.01" 0.0501 0.0577 0.0588 0.214 0.2024 0.2075 0.043 0.1664
"TCGA.12.0618.01A.01R.1849.01" 0.0763 0.0801 0.0785 0.1795 0.1854 0.1779 0.0749 0.1474
"TCGA.12.0619.01A.01R.1849.01" 0.1314 0.164 0.1556 0.0735 0.0644 0.0658 0.0918 0.2535
"TCGA.12.0821.01A.01R.1849.01" 0.0726 0.0753 0.0759 0.1037 0.1075 0.0943 0.1585 0.3122
"TCGA.12.1597.01B.01R.1849.01" 0.0277 0.0282 0.028 0.2455 0.2502 0.2436 0.0533 0.1235
"TCGA.12.3650.01A.01R.1849.01" 0.0471 0.0587 0.0558 0.2348 0.2088 0.2211 0.0329 0.1409
"TCGA.12.3652.01A.01R.1849.01" 0.0629 0.0659 0.0648 0.1757 0.1542 0.1568 0.0114 0.3084
"TCGA.12.3653.01A.01R.1849.01" 0.0758 0.0994 0.0954 0.1149 0.1058 0.1038 0.0882 0.3168
"TCGA.12.5295.01A.01R.1849.01" 0.0389 0.0454 0.0421 0.2813 0.2425 0.231 0.0234 0.0954
"TCGA.12.5299.01A.02R.1849.01" 0.0326 0.039 0.0418 0.2266 0.2076 0.2377 0.0724 0.1424
"TCGA.14.0736.02A.01R.2005.01" 0.0725 0.0526 0.0533 0.2015 0.2084 0.1977 0.0706 0.1433
"TCGA.14.0781.01B.01R.1849.01" 0.0507 0.0656 0.0669 0.1879 0.172 0.1647 0.0995 0.1927
"TCGA.14.0787.01A.01R.1849.01" 0.0494 0.0655 0.0646 0.1466 0.1351 0.1289 0.1111 0.2989
"TCGA.14.0789.01A.01R.1849.01" 0.081 0.1071 0.1033 0.1068 0.1122 0.0922 0.0999 0.2976
"TCGA.14.0790.01B.01R.1849.01" 0.0824 0.0793 0.0792 0.1122 0.1001 0.1166 0.1154 0.3149
"TCGA.14.0817.01A.01R.1849.01" 0.0958 0.1121 0.1089 0.1241 0.1078 0.1096 0.0615 0.2802
"TCGA.14.1034.01A.01R.1849.01" 0.0785 0.0816 0.0806 0.1714 0.1742 0.1668 0.0937 0.1533
"TCGA.14.1034.02B.01R.2005.01" 0.0526 0.0546 0.0538 0.1404 0.1474 0.1326 0.1452 0.2733
"TCGA.14.1402.02A.01R.2005.01" 0.04 0.0436 0.0467 0.2064 0.1924 0.2206 0.0619 0.1884
"TCGA.14.1823.01A.01R.1849.01" 0.0692 0.0488 0.0495 0.1895 0.1709 0.2015 0.0772 0.1934
"TCGA.14.1825.01A.01R.1850.01" 0.0901 0.0997 0.0974 0.1324 0.1237 0.1395 0.0981 0.2191
"TCGA.14.1829.01A.01R.1850.01" 0.0453 0.0513 0.0503 0.1986 0.2309 0.1914 0.084 0.1482
"TCGA.14.2554.01A.01R.1850.01" 0.0399 0.0525 0.0513 0.2269 0.2034 0.2415 0.0512 0.1335
"TCGA.15.0742.01A.01R.1850.01" 0.0776 0.0963 0.1025 0.0771 0.0692 0.0802 0.1084 0.3887
"TCGA.15.1444.01A.02R.1850.01" 0.2473 0.2528 0.2549 0.0394 0.0403 0.0381 0.1273 0
"TCGA.16.0846.01A.01R.1850.01" 0.0677 0.0987 0.0969 0.1992 0.1735 0.1682 0.0686 0.1272
"TCGA.16.1045.01B.01R.1850.01" 0.111 0.0865 0.0845 0.1736 0.1822 0.1615 0.0805 0.1202
"TCGA.19.0957.02A.11R.2005.01" 0.0447 0.046 0.0459 0.2049 0.2085 0.2039 0.1081 0.1379
"TCGA.19.1389.02A.21R.2005.01" 0.0567 0.0635 0.0638 0.1904 0.1684 0.1701 0.1184 0.1687
"TCGA.19.1390.01A.01R.1850.01" 0.0641 0.0947 0.0943 0.1132 0.1028 0.0907 0.1381 0.302
"TCGA.19.1787.01B.01R.1850.01" 0.1446 0.1493 0.1501 0.0747 0.0789 0.0727 0.1003 0.2295
"TCGA.19.2619.01A.01R.1850.01" 0.0627 0.0759 0.0807 0.1836 0.1945 0.1636 0.0615 0.1775
"TCGA.19.2620.01A.01R.1850.01" 0.0323 0.0333 0.0328 0.2412 0.2452 0.2337 0.0902 0.0913
"TCGA.19.2624.01A.01R.1850.01" 0.0638 0.0805 0.077 0.2295 0.2008 0.1986 0.0369 0.113
"TCGA.19.2625.01A.01R.1850.01" 0.0237 0.0296 0.0278 0.2904 0.2648 0.2467 0.02 0.0969
"TCGA.19.2629.01A.01R.1850.01" 0.164 0.1694 0.168 0.0856 0.0739 0.0968 0.1045 0.1378
"TCGA.19.4065.01A.01R.2005.01" 0.0799 0.0904 0.0917 0.1338 0.1391 0.123 0.0957 0.2464
"TCGA.19.4065.02A.11R.2005.01" 0.0792 0.0932 0.0982 0.1079 0.0983 0.0987 0.1639 0.2606
"TCGA.19.5960.01A.11R.1850.01" 0.0898 0.1009 0.1051 0.1169 0.1088 0.1213 0.1413 0.216
"TCGA.26.1442.01A.01R.1850.01" 0.0536 0.057 0.0556 0.2253 0.2038 0.1979 0.08 0.1268
"TCGA.26.5132.01A.01R.1850.01" 0.0967 0.1178 0.1154 0.0908 0.0981 0.0857 0.1103 0.2851
"TCGA.26.5133.01A.01R.1850.01" 0.004 0.0047 0.0048 0.2518 0.2419 0.2822 0.0449 0.1658
"TCGA.26.5134.01A.01R.1850.01" 0.0682 0.1049 0.1057 0.1442 0.1293 0.1168 0.0921 0.2389
"TCGA.26.5135.01A.01R.1850.01" 0.0863 0.1328 0.1317 0.0906 0.0828 0.0769 0.0799 0.3189
"TCGA.26.5136.01B.01R.1850.01" 0.1331 0.1511 0.1353 0.0475 0.0496 0.0449 0.1278 0.3107
"TCGA.26.5139.01A.01R.1850.01" 0.0888 0.1186 0.1118 0.1076 0.1126 0.0947 0.1152 0.2507
"TCGA.27.1830.01A.01R.1850.01" 0.0755 0.0943 0.097 0.1652 0.1735 0.143 0.1065 0.1449
"TCGA.27.1831.01A.01R.1850.01" 0.0417 0.0485 0.0479 0.1956 0.1788 0.208 0.0436 0.236
"TCGA.27.1832.01A.01R.1850.01" 0.1378 0.1587 0.1424 0.0815 0.0827 0.0794 0.0886 0.2289
"TCGA.27.1834.01A.01R.1850.01" 0.1147 0.1652 0.1674 0.0794 0.082 0.069 0.1385 0.1838
"TCGA.27.1835.01A.01R.1850.01" 0.1003 0.1163 0.117 0.1189 0.1186 0.1041 0.0762 0.2485
"TCGA.27.1837.01A.01R.1850.01" 0.1513 0.1774 0.1828 0.0086 0.0076 0.0078 0.142 0.3225
"TCGA.27.2519.01A.01R.1850.01" 0.1438 0.1719 0.1652 0.038 0.0357 0.0306 0.1243 0.2906
"TCGA.27.2521.01A.01R.1850.01" 0.0354 0.0422 0.0398 0.2202 0.1999 0.202 0.1063 0.1542
"TCGA.27.2523.01A.01R.1850.01" 0.0686 0.0848 0.0812 0.1296 0.1153 0.1129 0.1123 0.2953
"TCGA.27.2524.01A.01R.1850.01" 0.1023 0.1185 0.112 0.1052 0.0921 0.0861 0.0463 0.3374
"TCGA.27.2526.01A.01R.1850.01" 0.0642 0.0738 0.0707 0.1807 0.1574 0.1554 0.0445 0.2531
"TCGA.27.2528.01A.01R.1850.01" 0.1238 0.1326 0.1296 0.0864 0.0766 0.0728 0.107 0.2713
"TCGA.28.1747.01C.01R.1850.01" 0.1213 0.1377 0.1397 0.0817 0.0773 0.0789 0.0926 0.2708
"TCGA.28.1753.01A.01R.1850.01" 0.0867 0.0924 0.0933 0.1715 0.1526 0.1598 0.0701 0.1736
"TCGA.28.2499.01A.01R.1850.01" 0.0759 0.0858 0.0873 0.1024 0.0949 0.1095 0.1434 0.3009
"TCGA.28.2509.01A.01R.1850.01" 0.0774 0.093 0.0884 0.097 0.1053 0.0914 0.1245 0.3231
"TCGA.28.2510.01A.01R.1850.01" 0.0656 0.0667 0.0662 0.2317 0.2272 0.2262 0.0627 0.0538
"TCGA.28.2513.01A.01R.1850.01" 0.0551 0.0633 0.0672 0.2356 0.2096 0.1862 0.0446 0.1385
"TCGA.28.2514.01A.02R.1850.01" 0.1249 0.1328 0.1301 0.0953 0.0904 0.0905 0.0899 0.2461
"TCGA.28.5204.01A.01R.1850.01" 0.1112 0.1401 0.1325 0.0801 0.0729 0.0884 0.1093 0.2655
"TCGA.28.5207.01A.01R.1850.01" 0.0891 0.0819 0.0765 0.2088 0.2148 0.1887 0.1135 0.0268
"TCGA.28.5208.01A.01R.1850.01" 0.0762 0.0954 0.1014 0.14 0.1292 0.1481 0.1075 0.2021
"TCGA.28.5209.01A.01R.1850.01" 0.0382 0.0472 0.0441 0.1828 0.1664 0.1578 0.1211 0.2423
"TCGA.28.5213.01A.01R.1850.01" 0.0503 0.0563 0.0551 0.2104 0.2309 0.1821 0.0666 0.1482
"TCGA.28.5215.01A.01R.1850.01" 0.106 0.1129 0.1114 0.1757 0.1634 0.1546 0.1188 0.0573
"TCGA.28.5216.01A.01R.1850.01" 0.05 0.0775 0.078 0.2186 0.1926 0.1721 0.0593 0.1519
"TCGA.28.5218.01A.01R.1850.01" 0.101 0.1029 0.1036 0.1739 0.154 0.154 0.0861 0.1245
"TCGA.28.5220.01A.01R.1850.01" 0.0705 0.0797 0.0737 0.1063 0.0952 0.1101 0.1971 0.2673
"TCGA.32.1970.01A.01R.1850.01" 0.1155 0.1407 0.1336 0.0989 0.0864 0.0834 0.0912 0.2504
"TCGA.32.1980.01A.01R.1850.01" 0.0749 0.0773 0.0765 0.2005 0.1905 0.1938 0.0736 0.1129
"TCGA.32.1982.01A.01R.1850.01" 0.083 0.0863 0.0855 0.1989 0.1753 0.2261 0.0371 0.1078
"TCGA.32.2615.01A.01R.1850.01" 0.0382 0.0552 0.0559 0.1824 0.1886 0.1534 0.084 0.2422
"TCGA.32.2616.01A.01R.1850.01" 0.0291 0.0411 0.0414 0.1684 0.1577 0.1604 0.094 0.3078
"TCGA.32.2632.01A.01R.1850.01" 0.1063 0.131 0.1397 0.1125 0.1063 0.1081 0.0577 0.2384
"TCGA.32.2634.01A.01R.1850.01" 0.0629 0.0666 0.0645 0.1842 0.1718 0.1738 0.1137 0.1626
"TCGA.32.2638.01A.01R.1850.01" 0.0583 0.0717 0.0675 0.2213 0.2226 0.1852 0.0395 0.1339
"TCGA.32.4213.01A.01R.1850.01" 0.0544 0.0637 0.0688 0.2047 0.2082 0.191 0.0418 0.1674
"TCGA.32.5222.01A.01R.1850.01" 0.0974 0.1121 0.1098 0.153 0.1413 0.134 0.0736 0.1787
"TCGA.41.2571.01A.01R.1850.01" 0.0597 0.0609 0.0605 0.2091 0.2047 0.2051 0.0545 0.1454
"TCGA.41.2572.01A.01R.1850.01" 0.0557 0.0645 0.0615 0.1855 0.1632 0.1622 0.0504 0.2569
"TCGA.41.3915.01A.01R.1850.01" 0.101 0.1048 0.1045 0.1524 0.1415 0.1346 0.0873 0.1739
"TCGA.41.4097.01A.01R.1850.01" 0.0504 0.0576 0.063 0.2024 0.1955 0.1844 0.0781 0.1686
"TCGA.41.5651.01A.01R.1850.01" 0.0437 0.0414 0.0403 0.2413 0.2123 0.2376 0.0739 0.1093
"TCGA.76.4925.01A.01R.1850.01" 0.0609 0.0749 0.0698 0.1173 0.1106 0.1283 0.1424 0.2959
"TCGA.76.4926.01B.01R.1850.01" 0.054 0.0694 0.0684 0.1748 0.1592 0.1846 0.0984 0.1912
"TCGA.76.4927.01A.01R.1850.01" 0.052 0.0535 0.0527 0.2004 0.1732 0.1738 0.1375 0.1568
"TCGA.76.4928.01B.01R.1850.01" 0.0786 0.0899 0.089 0.1097 0.102 0.1184 0.1389 0.2735
"TCGA.76.4929.01A.01R.1850.01" 0.0188 0.0215 0.0212 0.2189 0.2153 0.1827 0.1332 0.1883
"TCGA.76.4931.01A.01R.1850.01" 0.0758 0.0899 0.0846 0.0904 0.0829 0.0954 0.1329 0.3483
"TCGA.76.4932.01A.01R.1850.01" 0.0455 0.0552 0.0517 0.1963 0.201 0.175 0.1325 0.1428
