"CD4_na" "CD4_cenm" "CD4_efm" "CD8_na" "CD8_cenm" "CD8_efm" "Treg" "T gamma delta"
"TCGA.KL.8323.01A.21R.2315.07" 0.097 0.1755 0.1795 0.1267 0.1075 0.1048 0.0895 0.1195
"TCGA.KL.8324.11A.01R.2315.07" 0.0645 0.0992 0.097 0.1993 0.1863 0.1868 0.0536 0.1132
"TCGA.KL.8324.01A.11R.2315.07" 0.1371 0.2117 0.1823 0.0675 0.0722 0.0628 0.0776 0.1887
"TCGA.KL.8325.01A.11R.2315.07" 0.1846 0.1692 0.1621 0.1164 0.1096 0.0979 0.0586 0.1015
"TCGA.KL.8326.11A.01R.2315.07" 0.0968 0.1386 0.1349 0.1777 0.1675 0.1937 0.0413 0.0494
"TCGA.KL.8326.01A.11R.2315.07" 0.1197 0.1772 0.1717 0.1182 0.1047 0.1333 0.0776 0.0975
"TCGA.KL.8327.01A.11R.2315.07" 0.1518 0.2237 0.1909 0.0731 0.0645 0.0559 0.0719 0.1681
"TCGA.KL.8328.01A.11R.2315.07" 0.1207 0.1995 0.1999 0.0987 0.0848 0.1264 0.0549 0.1152
"TCGA.KL.8329.11A.01R.2315.07" 0.0546 0.0841 0.0796 0.2318 0.2172 0.2176 0.0366 0.0785
"TCGA.KL.8329.01A.11R.2315.07" 0.1264 0.2024 0.1968 0.1041 0.0933 0.0815 0.0595 0.136
"TCGA.KL.8330.01A.11R.2315.07" 0.1279 0.159 0.1813 0.1301 0.1375 0.111 0.047 0.1062
"TCGA.KL.8331.01A.11R.2315.07" 0.1187 0.171 0.165 0.1496 0.1309 0.1092 0.0533 0.1023
"TCGA.KL.8332.11A.01R.2315.07" 0.0407 0.0776 0.0675 0.228 0.2063 0.2653 0.0341 0.0805
"TCGA.KL.8332.01A.11R.2315.07" 0.1 0.1553 0.1372 0.1231 0.108 0.0935 0.1244 0.1585
"TCGA.KL.8333.01A.11R.2315.07" 0.1057 0.1744 0.167 0.1218 0.1098 0.0921 0.1354 0.0939
"TCGA.KL.8334.01A.11R.2315.07" 0.1223 0.1775 0.1839 0.1173 0.1037 0.0851 0.0683 0.1417
"TCGA.KL.8335.01A.11R.2315.07" 0.1116 0.1679 0.1622 0.1252 0.1142 0.1254 0.0745 0.119
"TCGA.KL.8336.11A.01R.2315.07" 0.0649 0.1476 0.1346 0.1446 0.1214 0.1169 0.105 0.165
"TCGA.KL.8336.01A.11R.2315.07" 0.1163 0.1636 0.1612 0.1179 0.1069 0.0925 0.0919 0.1497
"TCGA.KL.8337.01A.11R.2315.07" 0.1198 0.1713 0.1606 0.1404 0.1232 0.1017 0.0784 0.1045
"TCGA.KL.8338.01A.11R.2315.07" 0.0972 0.157 0.1626 0.1576 0.14 0.1131 0.0578 0.1148
"TCGA.KL.8339.11A.01R.2315.07" 0.0564 0.0859 0.0842 0.2196 0.2018 0.2057 0.0476 0.0988
"TCGA.KL.8339.01A.11R.2315.07" 0.1256 0.1734 0.1549 0.1558 0.1294 0.1293 0.0574 0.0742
"TCGA.KL.8340.01A.11R.2315.07" 0.0994 0.1707 0.1757 0.1148 0.1019 0.0932 0.1309 0.1135
"TCGA.KL.8341.01A.11R.2315.07" 0.1553 0.209 0.1821 0.0995 0.0873 0.0793 0.0872 0.1003
"TCGA.KL.8342.01A.11R.2315.07" 0.1301 0.1837 0.1627 0.1029 0.0889 0.0834 0.1221 0.1262
"TCGA.KL.8343.01A.11R.2315.07" 0.1142 0.1678 0.1649 0.1204 0.1088 0.0948 0.0983 0.1308
"TCGA.KL.8344.01A.11R.2315.07" 0.0785 0.172 0.1479 0.0941 0.0825 0.075 0.1622 0.1876
"TCGA.KL.8345.01A.11R.2315.07" 0.1163 0.1814 0.1625 0.1368 0.1188 0.1062 0.0685 0.1095
"TCGA.KL.8346.01A.11R.2315.07" 0.1279 0.1763 0.1944 0.1279 0.106 0.112 0.0581 0.0975
"TCGA.KM.8438.01A.11R.2315.07" 0.0894 0.1082 0.124 0.1565 0.144 0.1319 0.1211 0.125
"TCGA.KM.8439.01A.11R.2315.07" 0.1552 0.1904 0.1646 0.0601 0.0575 0.0575 0.1138 0.2009
"TCGA.KM.8440.01A.11R.2315.07" 0.1244 0.1818 0.1769 0.131 0.1173 0.103 0.0559 0.1098
"TCGA.KM.8441.01A.11R.2315.07" 0.0851 0.1404 0.1158 0.0833 0.0853 0.0811 0.1524 0.2566
"TCGA.KM.8442.01A.11R.2315.07" 0.1105 0.1369 0.1245 0.1376 0.1427 0.1195 0.1008 0.1275
"TCGA.KM.8443.01A.11R.2315.07" 0.1512 0.2357 0.21 0.1048 0.0871 0.0914 0.045 0.0748
"TCGA.KM.8476.01A.11R.2315.07" 0.1488 0.1825 0.179 0.0958 0.0839 0.0739 0.0733 0.163
"TCGA.KM.8477.01A.11R.2315.07" 0.1056 0.1623 0.1646 0.0926 0.0828 0.0689 0.1266 0.1967
"TCGA.KM.8639.01A.11R.2403.07" 0.1238 0.1826 0.1733 0.0702 0.0754 0.0604 0.1346 0.1798
"TCGA.KN.8418.01A.11R.2315.07" 0.1217 0.1707 0.1672 0.1378 0.1193 0.1027 0.0693 0.1114
"TCGA.KN.8419.11A.01R.2315.07" 0.1149 0.1605 0.1577 0.1079 0.1036 0.104 0.116 0.1354
"TCGA.KN.8419.01A.11R.2315.07" 0.0985 0.1668 0.1589 0.122 0.1266 0.0994 0.0868 0.1411
"TCGA.KN.8421.01A.11R.2315.07" 0.1714 0.2567 0.2147 0.0643 0.0551 0.0545 0.0893 0.0939
"TCGA.KN.8422.11A.01R.2315.07" 0.0342 0.0475 0.0471 0.2282 0.2172 0.2174 0.1138 0.0946
"TCGA.KN.8422.01A.11R.2315.07" 0.1127 0.1538 0.1714 0.1037 0.0979 0.0808 0.1597 0.1202
"TCGA.KN.8423.11A.01R.2315.07" 0.1039 0.16 0.154 0.1081 0.0966 0.097 0.13 0.1504
"TCGA.KN.8423.01A.11R.2315.07" 0.1303 0.1933 0.1903 0.083 0.0794 0.0982 0.1178 0.1075
"TCGA.KN.8424.11A.01R.2315.07" 0.0367 0.0514 0.0525 0.221 0.2083 0.2097 0.1198 0.1007
"TCGA.KN.8424.01A.11R.2315.07" 0.0963 0.1729 0.1753 0.124 0.1086 0.095 0.1029 0.125
"TCGA.KN.8425.11A.01R.2315.07" 0.0892 0.1255 0.1239 0.1248 0.1215 0.1223 0.1366 0.1562
"TCGA.KN.8425.01A.11R.2315.07" 0.1473 0.2243 0.219 0.0608 0.0525 0.0471 0.0775 0.1715
"TCGA.KN.8426.11A.01R.2315.07" 0.1003 0.1474 0.1436 0.1032 0.0984 0.0984 0.1976 0.1112
"TCGA.KN.8426.01A.11R.2315.07" 0.1359 0.1872 0.1949 0.096 0.0818 0.1125 0.0771 0.1148
"TCGA.KN.8427.11A.01R.2315.07" 0.0844 0.1653 0.1507 0.0965 0.0916 0.0921 0.155 0.1643
"TCGA.KN.8427.01A.11R.2315.07" 0.1809 0.1964 0.2075 0.034 0.0315 0.0346 0.1162 0.1989
"TCGA.KN.8428.11A.01R.2315.07" 0.0484 0.072 0.0698 0.24 0.2248 0.2254 0.0407 0.0788
"TCGA.KN.8428.01A.11R.2315.07" 0.1329 0.1751 0.1743 0.096 0.0837 0.1107 0.0712 0.1561
"TCGA.KN.8429.11A.01R.2315.07" 0.0909 0.1694 0.1405 0.1112 0.096 0.1004 0.1319 0.1597
"TCGA.KN.8429.01A.11R.2315.07" 0.119 0.1993 0.1764 0.1096 0.098 0.0863 0.0868 0.1245
"TCGA.KN.8430.11A.01R.2315.07" 0.0896 0.1326 0.1302 0.1294 0.1213 0.1195 0.1084 0.1691
"TCGA.KN.8430.01A.11R.2315.07" 0.0963 0.145 0.157 0.1299 0.1124 0.1001 0.1175 0.1418
"TCGA.KN.8431.11A.01R.2315.07" 0.0768 0.1092 0.1115 0.1435 0.1361 0.1372 0.1304 0.1553
"TCGA.KN.8431.01A.11R.2315.07" 0.0934 0.159 0.1657 0.1481 0.1279 0.115 0.0704 0.1205
"TCGA.KN.8432.11A.01R.2315.07" 0.0916 0.1618 0.1341 0.1123 0.0963 0.1335 0.0958 0.1745
"TCGA.KN.8432.01A.11R.2315.07" 0.1364 0.2254 0.2015 0.0568 0.0535 0.0553 0.1081 0.163
"TCGA.KN.8433.11A.01R.2315.07" 0.0554 0.0774 0.0766 0.195 0.1884 0.1893 0.086 0.1319
"TCGA.KN.8433.01A.11R.2315.07" 0.147 0.1992 0.1765 0.0501 0.0448 0.0584 0.093 0.2309
"TCGA.KN.8434.11A.01R.2315.07" 0.0604 0.0853 0.0833 0.2132 0.2029 0.2033 0.0715 0.08
"TCGA.KN.8434.01A.11R.2315.07" 0.1279 0.2097 0.216 0.0706 0.0625 0.0531 0.1018 0.1584
"TCGA.KN.8435.11A.01R.2315.07" 0.0495 0.0771 0.0741 0.229 0.2146 0.2119 0.049 0.0949
"TCGA.KN.8435.01A.11R.2315.07" 0.1343 0.1897 0.1838 0.1151 0.0994 0.0858 0.0784 0.1136
"TCGA.KN.8436.11A.01R.2315.07" 0.1053 0.1508 0.1526 0.1103 0.1059 0.1058 0.1069 0.1625
"TCGA.KN.8436.01A.11R.2315.07" 0.1889 0.2168 0.2374 0.068 0.0572 0.076 0.063 0.0928
"TCGA.KN.8437.11A.01R.2315.07" 0.1539 0.2263 0.2323 0.0541 0.0504 0.0377 0.0757 0.1696
"TCGA.KN.8437.01A.11R.2315.07" 0.1271 0.1767 0.1821 0.0391 0.0373 0.0377 0.1739 0.226
"TCGA.KO.8403.11A.01R.2315.07" 0.1095 0.1539 0.1525 0.1041 0.1007 0.1011 0.1702 0.108
"TCGA.KO.8403.01A.11R.2315.07" 0.1784 0.1748 0.1699 0.0981 0.0862 0.0753 0.0676 0.1498
"TCGA.KO.8404.01A.11R.2315.07" 0.1256 0.1622 0.1661 0.0744 0.0826 0.0522 0.0542 0.2828
"TCGA.KO.8405.01A.11R.2315.07" 0.0991 0.1534 0.1622 0.12 0.1128 0.1016 0.0755 0.1754
"TCGA.KO.8406.01A.11R.2315.07" 0.1246 0.1528 0.1515 0.1424 0.1263 0.1058 0.0907 0.1059
"TCGA.KO.8407.01A.11R.2315.07" 0.0904 0.1519 0.1553 0.1366 0.1232 0.1119 0.0823 0.1484
"TCGA.KO.8408.01A.11R.2315.07" 0.0989 0.1659 0.181 0.1144 0.1031 0.1285 0.0742 0.134
"TCGA.KO.8409.01A.11R.2315.07" 0.1249 0.2027 0.2249 0.0777 0.0726 0.089 0.0635 0.1448
"TCGA.KO.8410.01A.11R.2315.07" 0.1355 0.2167 0.1874 0.0678 0.072 0.0614 0.1207 0.1385
"TCGA.KO.8411.01A.11R.2315.07" 0.1147 0.182 0.156 0.1349 0.1191 0.0975 0.0906 0.1052
"TCGA.KO.8413.01A.11R.2315.07" 0.0951 0.1568 0.1634 0.1023 0.098 0.0965 0.1118 0.1761
"TCGA.KO.8414.01A.11R.2315.07" 0.1268 0.1806 0.1886 0.1011 0.0892 0.073 0.0679 0.1729
"TCGA.KO.8415.11A.01R.2315.07" 0.0271 0.0372 0.0364 0.26 0.2473 0.2494 0.0645 0.0781
"TCGA.KO.8415.01A.11R.2315.07" 0.1167 0.198 0.2032 0.0737 0.0698 0.0638 0.0723 0.2025
"TCGA.KO.8416.01A.11R.2315.07" 0.1199 0.1771 0.1725 0.1169 0.1038 0.0893 0.0745 0.1461
"TCGA.KO.8417.01A.11R.2315.07" 0.1325 0.1911 0.1875 0.107 0.0927 0.0819 0.1052 0.102
