"CD4_na" "CD4_cenm" "CD4_efm" "CD8_na" "CD8_cenm" "CD8_efm" "Treg" "T gamma delta"
"TCGA.3Z.A93Z.01A.11R.A37O.07" 0.0065 0.0077 0.0077 0.2459 0.24 0.2412 0.1132 0.1378
"TCGA.6D.AA2E.01A.11R.A37O.07" 0 0 0 0.0842 0.0876 0.0813 0.26 0.4869
"TCGA.A3.3306.01A.01R.0864.07" 0.116 0.1383 0.1347 0.0744 0.072 0.0795 0.1102 0.275
"TCGA.A3.3307.01A.01R.0864.07" 0.0791 0.0762 0.0763 0.144 0.1458 0.1401 0.1108 0.2276
"TCGA.A3.3308.01A.02R.1325.07" 0.0198 0.0231 0.0228 0.1622 0.1598 0.1595 0.2123 0.2407
"TCGA.A3.3311.01A.02R.1325.07" 0.077 0.0876 0.0892 0.069 0.0693 0.0672 0.3321 0.2087
"TCGA.A3.3313.01A.02R.1325.07" 0 0 0 0.2152 0.2033 0.2093 0.1442 0.228
"TCGA.A3.3316.01A.01R.0864.07" 0 0 0 0.173 0.175 0.1703 0.3533 0.1283
"TCGA.A3.3317.01A.02R.1325.07" 0.0815 0.0934 0.0926 0.0827 0.0834 0.0811 0.1991 0.2862
"TCGA.A3.3319.01A.02R.1325.07" 0.0866 0.1006 0.112 0.0638 0.0666 0.0595 0.1944 0.3166
"TCGA.A3.3320.01A.02R.1325.07" 0.0945 0.1034 0.103 0.1113 0.113 0.108 0.1764 0.1904
"TCGA.A3.3322.01A.02R.1325.07" 0 0 0 0.1672 0.1647 0.1674 0.2357 0.265
"TCGA.A3.3323.01A.02R.1325.07" 0.1532 0.1771 0.1779 0.0413 0.0416 0.0405 0.1864 0.1821
"TCGA.A3.3324.01A.02R.1325.07" 0.0884 0.1005 0.1022 0.1354 0.1368 0.1315 0.1286 0.1765
"TCGA.A3.3325.01A.01R.0864.07" 0.0648 0.0753 0.0745 0.1219 0.1233 0.1181 0.2074 0.2148
"TCGA.A3.3326.01A.01R.0864.07" 0.2532 0.241 0.2395 0.0193 0.0194 0.0189 0.0858 0.1229
"TCGA.A3.3328.01A.01R.0864.07" 0.0446 0.0492 0.0489 0.1282 0.1094 0.1061 0.1343 0.3794
"TCGA.A3.3329.01A.01R.0864.07" 0.0531 0.0604 0.0617 0.1092 0.1098 0.1075 0.2083 0.2899
"TCGA.A3.3331.01A.02R.1325.07" 0.0674 0.0782 0.0784 0.1303 0.1283 0.1259 0.145 0.2465
"TCGA.A3.3335.01A.01R.0864.07" 0.1297 0.1329 0.1246 0.1052 0.1058 0.0989 0.1554 0.1475
"TCGA.A3.3343.01A.01R.0864.07" 0.2325 0.2656 0.2674 0 0 0 0.105 0.1295
"TCGA.A3.3346.01A.01R.1766.07" 0.0564 0.0658 0.0658 0.0649 0.0647 0.0645 0.2098 0.4082
"TCGA.A3.3347.01A.02R.1325.07" 0.2145 0.2433 0.2445 2e-04 2e-04 2e-04 0.2108 0.0862
"TCGA.A3.3349.01A.01R.1188.07" 0.0549 0.0502 0.0497 0.1733 0.1694 0.1685 0.1923 0.1417
"TCGA.A3.3351.01A.02R.1325.07" 0.1507 0.1727 0.1749 0.0987 0.0997 0.0966 0.0609 0.1456
"TCGA.A3.3352.01A.01R.0864.07" 0.136 0.1589 0.1555 0.0638 0.0644 0.0617 0.1225 0.2373
"TCGA.A3.3357.01A.02R.1420.07" 0.0237 0.0242 0.0223 0.2125 0.2131 0.2048 0.1239 0.1755
"TCGA.A3.3358.11A.01R.1541.07" 0 0 0 0.1825 0.1839 0.1848 0.1777 0.2711
"TCGA.A3.3358.01A.01R.1541.07" 0.2023 0.2264 0.2308 0.0664 0.0667 0.0655 0.0482 0.0939
"TCGA.A3.3359.01A.01R.0864.07" 0.1094 0.1269 0.1263 0.116 0.1174 0.1137 0.0846 0.2057
"TCGA.A3.3362.01A.02R.1325.07" 0.0333 0.0388 0.0384 0.1688 0.1512 0.1416 0.2432 0.1846
"TCGA.A3.3363.01A.01R.0864.07" 0 0 0 0.0788 0.0738 0.0725 0.2154 0.5595
"TCGA.A3.3365.01A.01R.0864.07" 0.1228 0.1167 0.1166 0.0975 0.089 0.0881 0.2632 0.1061
"TCGA.A3.3367.01A.02R.1420.07" 0.1513 0.1777 0.1731 0.0684 0.0687 0.0675 0.1663 0.1271
"TCGA.A3.3370.01A.02R.1420.07" 0.109 0.1264 0.1251 0.1534 0.1547 0.1505 0.0745 0.1064
"TCGA.A3.3372.01A.02R.1325.07" 0.0971 0.1114 0.1123 0.0341 0.0345 0.0335 0.2661 0.3109
"TCGA.A3.3373.01A.02R.1420.07" 0.0048 0.0057 0.0057 0.227 0.219 0.1993 0.2296 0.109
"TCGA.A3.3374.01A.02R.1325.07" 0.1267 0.1504 0.1613 0.1295 0.1216 0.1196 0.0276 0.1633
"TCGA.A3.3376.01A.02R.1420.07" 0.1574 0.1443 0.1461 0.0321 0.0314 0.0313 0.2219 0.2356
"TCGA.A3.3378.01A.02R.1325.07" 0.1548 0.1802 0.1818 0.0876 0.0885 0.0868 0.14 0.0803
"TCGA.A3.3380.01A.01R.0864.07" 0.1133 0.1257 0.1178 0.1022 0.0995 0.0995 0.1647 0.1774
"TCGA.A3.3382.01A.02R.1325.07" 0.1621 0.1845 0.186 0.0657 0.066 0.0647 0.271 0
"TCGA.A3.3383.01A.02R.1325.07" 0.0778 0.0924 0.0918 0.0771 0.075 0.0751 0.0314 0.4795
"TCGA.A3.3385.01A.02R.1420.07" 0 0 0 0.142 0.1331 0.1556 0.2886 0.2807
"TCGA.A3.3387.11A.01R.1541.07" 0 0 0 0.1897 0.1962 0.1847 0.1829 0.2465
"TCGA.A3.3387.01A.01R.1541.07" 0.0619 0.072 0.0724 0.1094 0.1099 0.1019 0.2916 0.1808
"TCGA.A3.A6NI.01A.11R.A33J.07" 0.0055 0.0063 0.0065 0.2425 0.2432 0.2383 0.1343 0.1235
"TCGA.A3.A6NJ.01A.12R.A33J.07" 0.1344 0.1196 0.1204 0.1181 0.1185 0.1167 0.0871 0.1852
"TCGA.A3.A6NL.01A.11R.A33J.07" 0.0596 0.0694 0.0698 0.1541 0.1512 0.1503 0.17 0.1757
"TCGA.A3.A6NN.01A.12R.A33J.07" 0.037 0.0428 0.0428 0.111 0.1105 0.1077 0.1999 0.3484
"TCGA.A3.A8CQ.01A.11R.A37O.07" 0.0427 0.0483 0.0477 0.1273 0.1241 0.1231 0.2084 0.2786
"TCGA.A3.A8OU.01A.11R.A37O.07" 0.1002 0.1141 0.1158 0.059 0.0629 0.051 0.1875 0.3094
"TCGA.A3.A8OV.01A.11R.A37O.07" 0.0246 0.0266 0.0264 0.152 0.1472 0.1473 0.2461 0.2298
"TCGA.A3.A8OW.01A.11R.A37O.07" 0.0495 0.0452 0.045 0.1929 0.1906 0.1852 0.1374 0.154
"TCGA.A3.A8OX.01A.11R.A37O.07" 0.0976 0.1125 0.1112 0.1384 0.1362 0.1357 0.0953 0.1731
"TCGA.AK.3425.01A.02R.1277.07" 0.0275 0.0297 0.032 0.2124 0.2057 0.2054 0.1073 0.18
"TCGA.AK.3426.01A.02R.1325.07" 0.1765 0.1906 0.1913 0.0867 0.086 0.0859 0.0472 0.1358
"TCGA.AK.3427.01A.01R.0864.07" 0 0 0 0.1887 0.1935 0.1719 0.1512 0.2946
"TCGA.AK.3428.01A.02R.1277.07" 0.0603 0.0557 0.055 0.0597 0.0572 0.0526 0.3333 0.3263
"TCGA.AK.3429.01A.02R.1325.07" 0.1212 0.1426 0.1368 0.0938 0.0923 0.0911 0.0737 0.2486
"TCGA.AK.3431.01A.02R.1277.07" 0.0601 0.0537 0.0529 0.1498 0.1477 0.1506 0.16 0.2252
"TCGA.AK.3433.01A.02R.1277.07" 0.0474 0.055 0.0533 0.139 0.1396 0.1375 0.1435 0.2847
"TCGA.AK.3434.01A.02R.1277.07" 0.0176 0.0161 0.016 0.2134 0.2139 0.2121 0.1457 0.1652
"TCGA.AK.3436.01A.02R.1325.07" 0 0 0 0.1445 0.1412 0.146 0.3639 0.2043
"TCGA.AK.3440.01A.02R.1277.07" 0.0153 0.0178 0.0183 0.1713 0.1648 0.1659 0.1395 0.3071
"TCGA.AK.3443.01A.02R.1325.07" 0.0178 0.0213 0.0192 0.147 0.1397 0.1391 0.1537 0.3622
"TCGA.AK.3444.01A.02R.1325.07" 0 0 0 0.1787 0.1803 0.1582 0.3065 0.1763
"TCGA.AK.3445.01A.02R.1277.07" 0.0872 0.0955 0.1037 0.0781 0.0756 0.0747 0.2082 0.277
"TCGA.AK.3447.01A.01R.1766.07" 0.0448 0.0465 0.0488 0.1394 0.1449 0.1447 0.1973 0.2337
"TCGA.AK.3450.01A.02R.1277.07" 0.0034 0.004 0.0039 0.2517 0.2415 0.2505 0.1362 0.1087
"TCGA.AK.3451.01A.02R.1188.07" 0 0 0 0.25 0.247 0.2572 0.0946 0.1512
"TCGA.AK.3453.01A.02R.1277.07" 0.0652 0.0727 0.0769 0.0713 0.0691 0.0688 0.2088 0.3672
"TCGA.AK.3454.01A.02R.1277.07" 0.0838 0.0982 0.097 0.1431 0.1269 0.1271 0.1651 0.1587
"TCGA.AK.3455.01A.01R.0864.07" 0.1118 0.1089 0.1017 0.1679 0.1687 0.1674 0.0109 0.1628
"TCGA.AK.3456.01A.02R.1325.07" 7e-04 9e-04 8e-04 0.1781 0.1725 0.1666 0.2189 0.2614
"TCGA.AK.3458.01A.01R.1503.07" 0 0 0 0.185 0.1716 0.2024 0.2244 0.2166
"TCGA.AK.3460.01A.02R.1277.07" 0.0343 0.0313 0.0312 0.1792 0.1762 0.1764 0.2149 0.1565
"TCGA.AK.3461.01A.02R.1277.07" 0.1135 0.1048 0.1028 0.12 0.1221 0.1168 0.1565 0.1635
"TCGA.AK.3465.01A.02R.1325.07" 0 0 0 0.1785 0.1966 0.1727 0.1793 0.2729
"TCGA.AS.3777.01A.01R.0864.07" 0 0 0 0.1739 0.1925 0.2592 0.1196 0.2548
"TCGA.AS.3778.01A.01R.A32Z.07" 0.0339 0.04 0.0398 0.1793 0.1772 0.1738 0.1724 0.1835
"TCGA.B0.4688.01A.01R.1277.07" 0 0 0 0.2486 0.2449 0.2453 0.0746 0.1867
"TCGA.B0.4690.01A.01R.1277.07" 0.0904 0.1042 0.1063 0.101 0.1004 0.0982 0.1915 0.2081
"TCGA.B0.4691.01A.01R.1277.07" 0.042 0.0454 0.0509 0.2011 0.1959 0.1959 0.0847 0.184
"TCGA.B0.4693.01A.01R.1277.07" 0.1468 0.1653 0.1671 0.1018 0.102 0.0988 0.0724 0.1457
"TCGA.B0.4694.01A.01R.1277.07" 0.1236 0.1396 0.1426 0.1233 0.1213 0.1201 0.0758 0.1538
"TCGA.B0.4696.01A.01R.1277.07" 0.0331 0.0346 0.0388 0.1098 0.1098 0.1098 0.1734 0.3909
"TCGA.B0.4697.01A.01R.1277.07" 0.2159 0.1991 0.1901 0.0462 0.0459 0.0457 0.0119 0.2452
"TCGA.B0.4698.01A.01R.1503.07" 0.016 0.018 0.0169 0.1703 0.1636 0.1736 0.0689 0.3727
"TCGA.B0.4699.01A.01R.1277.07" 0.015 0.0167 0.017 0.2462 0.2472 0.2417 0.0445 0.1717
"TCGA.B0.4700.11A.01R.1541.07" 0 0 0 0.2162 0.2112 0.2084 0.1315 0.2327
"TCGA.B0.4700.01A.02R.1541.07" 0.1017 0.109 0.1227 0.1379 0.1366 0.1357 0.0681 0.1882
"TCGA.B0.4701.01A.01R.1277.07" 0.1816 0.1751 0.1806 0.0625 0.0629 0.0618 0.1005 0.1751
"TCGA.B0.4703.01A.01R.1277.07" 0.0493 0.056 0.0561 0.1251 0.123 0.1229 0.1759 0.2917
"TCGA.B0.4706.01A.01R.1503.07" 0.0333 0.0347 0.0383 0.147 0.1405 0.141 0.1277 0.3374
"TCGA.B0.4707.01A.01R.1277.07" 0.0146 0.016 0.0174 0.2305 0.2215 0.2213 0.1195 0.1591
"TCGA.B0.4710.01A.01R.1503.07" 0.0099 0.0115 0.0117 0.2211 0.2326 0.1924 0.1223 0.1985
"TCGA.B0.4712.11A.02R.1503.07" 0 0 0 0.115 0.1159 0.1097 0.2752 0.3842
"TCGA.B0.4712.01A.01R.1503.07" 0.0754 0.0816 0.0915 0.0841 0.0771 0.0843 0.2186 0.2873
"TCGA.B0.4713.01A.01R.1277.07" 0.0113 0.0121 0.0126 0.1575 0.1576 0.1594 0.1394 0.3501
"TCGA.B0.4714.01A.01R.1277.07" 0.1493 0.1373 0.1339 0.0867 0.0861 0.0856 0.0139 0.3072
"TCGA.B0.4718.01A.01R.1277.07" 0.0259 0.0301 0.0311 0.192 0.1876 0.1941 0.1139 0.2254
"TCGA.B0.4810.01A.01R.1503.07" 0.063 0.0734 0.0697 0.1798 0.1754 0.1747 0.0516 0.2124
"TCGA.B0.4811.01A.01R.1503.07" 0.0054 0.0055 0.0051 0.1841 0.181 0.191 0.114 0.3138
"TCGA.B0.4813.01A.01R.1277.07" 0.0205 0.0227 0.0228 0.1916 0.1891 0.1893 0.1109 0.2532
"TCGA.B0.4814.01A.01R.1277.07" 0 0 0 0.274 0.2944 0.2504 0.0951 0.0861
"TCGA.B0.4815.01A.01R.1503.07" 0.2561 0.2837 0.2868 0 0 0 0.0188 0.1545
"TCGA.B0.4816.01A.01R.1503.07" 0.0966 0.0883 0.0892 0.058 0.058 0.0575 0.2096 0.3428
"TCGA.B0.4817.01A.01R.1277.07" 0.1164 0.1278 0.1368 0 0 0 0.5398 0.0792
"TCGA.B0.4818.01A.01R.1503.07" 0.195 0.168 0.1672 0.0655 0.0647 0.0634 0.0782 0.1981
"TCGA.B0.4819.01A.01R.1277.07" 0.2016 0.1841 0.1782 0.0943 0.0947 0.094 0.0728 0.0802
"TCGA.B0.4821.01A.01R.1503.07" 0.0359 0.0404 0.0443 0.1018 0.099 0.1067 0.1987 0.3733
"TCGA.B0.4822.01A.01R.1277.07" 0.0393 0.0429 0.0494 0.1214 0.117 0.1159 0.1619 0.3522
"TCGA.B0.4823.01A.02R.1420.07" 0.0275 0.0322 0.0319 0.214 0.1967 0.1841 0.1298 0.1838
"TCGA.B0.4824.01A.01R.1277.07" 0.1328 0.1419 0.1404 0.0762 0.0752 0.0735 0.0561 0.3039
"TCGA.B0.4827.01A.02R.1420.07" 0.0497 0.057 0.0571 0.1779 0.1747 0.1737 0.1114 0.1986
"TCGA.B0.4828.01A.01R.1277.07" 0.0246 0.0242 0.0223 0.1469 0.1552 0.1406 0.1719 0.3144
"TCGA.B0.4833.01A.01R.1305.07" 0.0835 0.0877 0.0842 0.1714 0.1698 0.1676 0.0592 0.1766
"TCGA.B0.4834.01A.01R.1305.07" 0 0 0 0.2566 0.2141 0.2051 0.1091 0.2152
"TCGA.B0.4836.01A.01R.1305.07" 0.114 0.1294 0.1281 0.1131 0.114 0.1121 0.0871 0.202
"TCGA.B0.4837.01A.01R.1305.07" 0.0035 0.004 0.0041 0.2165 0.2137 0.2139 0.1645 0.1798
"TCGA.B0.4838.01A.01R.1305.07" 0.1383 0.1232 0.123 0.1069 0.1076 0.1056 0.0587 0.2368
"TCGA.B0.4839.01A.01R.1305.07" 0.0338 0.0393 0.0396 0.152 0.1487 0.1535 0.1844 0.2486
"TCGA.B0.4841.01A.01R.1277.07" 0.0019 0.0017 0.0017 0.2921 0.2596 0.2611 0.0944 0.0874
"TCGA.B0.4842.01A.02R.1420.07" 0.0883 0.1 0.1124 0.1198 0.1176 0.1166 0.0209 0.3244
"TCGA.B0.4843.01A.01R.1277.07" 0 0 0 0.1889 0.1861 0.1867 0.1301 0.3081
"TCGA.B0.4844.01A.01R.1277.07" 0.0111 0.013 0.0131 0.1832 0.1814 0.1847 0.1704 0.2431
"TCGA.B0.4845.01A.01R.1277.07" 0.0617 0.0533 0.053 0.1294 0.1271 0.1341 0.1731 0.2683
"TCGA.B0.4846.01A.01R.1277.07" 0.0851 0.0795 0.0819 0.1607 0.1635 0.1562 0.1145 0.1586
"TCGA.B0.4847.01A.01R.1277.07" 0.2158 0.211 0.191 0.044 0.0442 0.0436 0 0.2504
"TCGA.B0.4848.01A.01R.1277.07" 0.0806 0.0938 0.096 0.1365 0.1332 0.1327 0.1293 0.198
"TCGA.B0.4849.01A.01R.1277.07" 0.0494 0.0429 0.0425 0.1677 0.1671 0.1615 0.1708 0.1981
"TCGA.B0.4852.01A.01R.1503.07" 0.0276 0.0268 0.0263 0.0997 0.1011 0.0967 0.3455 0.2765
"TCGA.B0.4945.01A.01R.1420.07" 0.0246 0.0225 0.0227 0.09 0.0899 0.0872 0.4728 0.1902
"TCGA.B0.5075.01A.01R.1334.07" 0.0318 0.0371 0.0357 0.2231 0.2185 0.2172 0.1334 0.1032
"TCGA.B0.5077.01A.01R.1334.07" 0.0083 0.009 0.0097 0.1487 0.1618 0.1292 0.2478 0.2855
"TCGA.B0.5080.01A.01R.1503.07" 0.1122 0.1009 0.1027 0.1655 0.1642 0.1668 0.0987 0.0891
"TCGA.B0.5081.01A.01R.1334.07" 0.1861 0.2083 0.2095 0.0647 0.0652 0.0644 0.0286 0.1731
"TCGA.B0.5083.01A.02R.1420.07" 0.12 0.1436 0.1462 0.0845 0.0829 0.0827 0.1567 0.1834
"TCGA.B0.5084.01A.01R.1334.07" 0.0515 0.0567 0.0584 0.1361 0.1294 0.1427 0.0915 0.3337
"TCGA.B0.5085.01A.01R.1334.07" 0.0198 0.02 0.0184 0.1803 0.1768 0.1728 0.1251 0.2867
"TCGA.B0.5088.01A.01R.1334.07" 0.0878 0.097 0.1018 0.1696 0.1656 0.1643 0.0756 0.1384
"TCGA.B0.5092.01A.01R.1420.07" 0.1198 0.1269 0.1247 0.141 0.1402 0.1398 0.0146 0.1929
"TCGA.B0.5094.01A.01R.1420.07" 0.0744 0.0857 0.0864 0.0376 0.0363 0.0358 0.3373 0.3065
"TCGA.B0.5095.01A.01R.1420.07" 0.0161 0.0182 0.0186 0.1453 0.1436 0.1433 0.2603 0.2546
"TCGA.B0.5096.01A.01R.1420.07" 0 0 0 0.2052 0.2103 0.1952 0.1731 0.2162
"TCGA.B0.5097.01A.01R.1420.07" 0.0475 0.042 0.0427 0.2173 0.2161 0.213 0.1145 0.1069
"TCGA.B0.5098.01A.01R.1420.07" 0 0 0 0.1144 0.1012 0.1577 0.2008 0.4259
"TCGA.B0.5099.01A.01R.1420.07" 0 0 0 0.1593 0.1587 0.1612 0.2013 0.3195
"TCGA.B0.5100.01A.01R.1420.07" 0 0 0 0.2006 0.1891 0.1773 0.1441 0.2888
"TCGA.B0.5102.01A.01R.1420.07" 0.0242 0.028 0.0278 0.1656 0.1628 0.1681 0.2048 0.2188
"TCGA.B0.5104.01A.01R.1420.07" 0.0569 0.0544 0.0552 0.0548 0.0558 0.0529 0.3739 0.296
"TCGA.B0.5106.01A.01R.1420.07" 0.1087 0.1239 0.1263 0.1444 0.1445 0.1419 0.1039 0.1063
"TCGA.B0.5107.01A.01R.1420.07" 0.026 0.0279 0.0321 0.2118 0.206 0.216 0 0.2801
"TCGA.B0.5108.01A.01R.1420.07" 0.11 0.1272 0.1244 0.0897 0.0896 0.0889 0.1613 0.2089
"TCGA.B0.5109.01A.02R.1420.07" 0.0144 0.0161 0.0163 0.2344 0.2295 0.2163 0.0931 0.18
"TCGA.B0.5110.01A.01R.1420.07" 0.0058 0.0053 0.0054 0.1479 0.1455 0.1429 0.3686 0.1787
"TCGA.B0.5113.01A.01R.1420.07" 0.1429 0.1637 0.1643 0.0644 0.0651 0.0633 0.2008 0.1355
"TCGA.B0.5115.01A.01R.1420.07" 0.067 0.0786 0.0789 0.1656 0.1643 0.1666 0.1316 0.1474
"TCGA.B0.5116.01A.02R.1420.07" 0 0 0 0.2944 0.2792 0.2808 0.0916 0.0541
"TCGA.B0.5117.01A.01R.1420.07" 0.0155 0.0179 0.0194 0.1327 0.1345 0.1267 0.1709 0.3824
"TCGA.B0.5119.01A.02R.1420.07" 0.0363 0.0419 0.0417 0.1994 0.1981 0.1937 0.1764 0.1125
"TCGA.B0.5120.01A.01R.1420.07" 0 0 0 0.2059 0.2025 0.2002 0.2052 0.1861
"TCGA.B0.5121.01A.02R.1420.07" 0.1663 0.1521 0.1505 0.0275 0.0269 0.0266 0.165 0.2851
"TCGA.B0.5399.01A.01R.1503.07" 0.1135 0.1291 0.1308 0.1193 0.1177 0.1206 0.0621 0.2069
"TCGA.B0.5400.01A.01R.1503.07" 0 0 0 0.1896 0.1883 0.1877 0.2061 0.2283
"TCGA.B0.5402.11A.01R.1503.07" 0 0 0 0.2195 0.2213 0.2154 0.1576 0.1862
"TCGA.B0.5402.01A.01R.1503.07" 0.0491 0.0568 0.0571 0.0946 0.0947 0.0935 0.3211 0.233
"TCGA.B0.5690.11A.01R.1541.07" 0 0 0 0.2115 0.1866 0.1861 0.1436 0.2723
"TCGA.B0.5690.01A.11R.1541.07" 0.1023 0.0922 0.0935 0.0846 0.0827 0.0828 0.1735 0.2885
"TCGA.B0.5691.11A.01R.1541.07" 0.0611 0.0687 0.0689 0.1445 0.1433 0.1401 0.2154 0.158
"TCGA.B0.5691.01A.11R.1541.07" 0.0858 0.0994 0.0989 0.1656 0.1638 0.1659 0.138 0.0826
"TCGA.B0.5692.01A.11R.1541.07" 0.13 0.1489 0.1516 0.102 0.1011 0.1007 0.0134 0.2523
"TCGA.B0.5693.01A.11R.1541.07" 0 0 0 0.1663 0.1667 0.1646 0.1788 0.3237
"TCGA.B0.5694.11A.01R.1541.07" 0 0 0 0.1863 0.1836 0.1813 0.276 0.1728
"TCGA.B0.5694.01A.11R.1541.07" 0.0076 0.0087 0.0088 0.1678 0.1658 0.168 0.3392 0.1341
"TCGA.B0.5695.01A.11R.1541.07" 0.0068 0.008 0.008 0.2089 0.2072 0.2108 0.2439 0.1064
"TCGA.B0.5696.11A.01R.1541.07" 0 0 0 0.2152 0.1915 0.1909 0.1935 0.2089
"TCGA.B0.5696.01A.11R.1541.07" 0.013 0.0153 0.0152 0.1708 0.1734 0.1664 0.1674 0.2786
"TCGA.B0.5697.11A.01R.1541.07" 0 0 0 0.1862 0.1811 0.1779 0.1554 0.2994
"TCGA.B0.5697.01A.11R.1541.07" 0.0908 0.1045 0.1063 0.1689 0.1664 0.1639 0.0219 0.1771
"TCGA.B0.5698.01A.11R.1672.07" 0.1201 0.1095 0.1104 0.1167 0.1177 0.114 0.1393 0.1724
"TCGA.B0.5699.11A.01R.1541.07" 0 0 0 0.2093 0.2043 0.2008 0.13 0.2556
"TCGA.B0.5699.01A.11R.1541.07" 0.0732 0.0838 0.0842 0.1125 0.1118 0.113 0.1072 0.3142
"TCGA.B0.5700.01A.11R.1541.07" 0.0329 0.0301 0.03 0.1732 0.1707 0.1758 0.1166 0.2707
"TCGA.B0.5701.11A.01R.1541.07" 0 0 0 0.1922 0.1883 0.187 0.1531 0.2794
"TCGA.B0.5701.01A.11R.1541.07" 0.0753 0.0897 0.0866 0.0364 0.0365 0.0353 0.3212 0.3191
"TCGA.B0.5702.01A.11R.1541.07" 0.0784 0.0864 0.0864 0.0774 0.0767 0.0893 0 0.5054
"TCGA.B0.5703.11A.01R.1541.07" 0 0 0 0.1808 0.1867 0.161 0.1629 0.3086
"TCGA.B0.5703.01A.11R.1541.07" 0.1247 0.131 0.1423 0.0725 0.0675 0.0807 0.0903 0.291
"TCGA.B0.5705.11A.01R.1541.07" 0 0 0 0.1762 0.185 0.1509 0.1992 0.2886
"TCGA.B0.5705.01A.11R.1541.07" 0.0691 0.0799 0.0791 0.1668 0.1649 0.1628 0.1254 0.152
"TCGA.B0.5706.11A.01R.1541.07" 0 0 0 0.1832 0.1619 0.1614 0.173 0.3205
"TCGA.B0.5706.01A.11R.1541.07" 0.0653 0.0761 0.0761 0.2216 0.2221 0.2211 0.0203 0.0974
"TCGA.B0.5707.01A.11R.1541.07" 0 0 0 0.2178 0.2241 0.199 0.0999 0.2592
"TCGA.B0.5709.11A.01R.1541.07" 0 0 0 0.2138 0.2054 0.204 0.1999 0.1769
"TCGA.B0.5709.01A.11R.1541.07" 0.1668 0.1887 0.1892 0.1 0.0991 0.0972 0.0615 0.0975
"TCGA.B0.5710.01A.11R.1672.07" 0.0792 0.0691 0.0696 0.0912 0.0894 0.0897 0.162 0.3498
"TCGA.B0.5711.11A.01R.1672.07" 0 0 0 0.1781 0.154 0.1579 0.2445 0.2655
"TCGA.B0.5711.01A.11R.1672.07" 0.0775 0.0902 0.0905 0.095 0.0939 0.0944 0.2154 0.243
"TCGA.B0.5712.11A.01R.1672.07" 0.0285 0.0316 0.0316 0.2246 0.2236 0.2185 0.0818 0.1597
"TCGA.B0.5712.01A.11R.1672.07" 0 0 0 0.2768 0.3012 0.2372 0.1069 0.0778
"TCGA.B0.5713.01A.11R.1672.07" 0.0233 0.027 0.0268 0.0931 0.0945 0.0911 0.3091 0.3351
"TCGA.B0.5812.01A.11R.1672.07" 0.0656 0.059 0.0594 0.0938 0.093 0.0912 0.1955 0.3424
"TCGA.B2.3923.01A.02R.1325.07" 0.0716 0.0724 0.0678 0.0691 0.0676 0.0707 0.2138 0.3669
"TCGA.B2.3924.01A.02R.1325.07" 0.1671 0.1918 0.1928 0.0547 0.055 0.0543 0.0906 0.1937
"TCGA.B2.4098.01A.02R.1325.07" 0.1869 0.1812 0.1752 0.0474 0.0485 0.0453 0.1232 0.1923
"TCGA.B2.4099.01A.02R.1188.07" 0.0512 0.057 0.0502 0.0627 0.0628 0.0615 0.1909 0.4637
"TCGA.B2.4101.01A.02R.1277.07" 0.2152 0.2449 0.2486 0.026 0.0252 0.0252 0.0697 0.1452
"TCGA.B2.4102.01A.02R.1325.07" 0.2193 0.2522 0.255 0 0 0 0.1046 0.1689
"TCGA.B2.5633.01A.01R.1541.07" 0.1194 0.1413 0.1384 0.0796 0.0779 0.0773 0.2248 0.1413
"TCGA.B2.5635.01A.01R.1541.07" 0.1047 0.1221 0.1233 0.102 0.1011 0.0995 0.09 0.2573
"TCGA.B2.5636.11A.01R.1541.07" 0 0 0 0.1968 0.193 0.1895 0.2303 0.1903
"TCGA.B2.5636.01A.02R.1541.07" 0 0 0 0.2169 0.2148 0.2126 0.1953 0.1605
"TCGA.B2.5639.01A.01R.1541.07" 0.1293 0.1474 0.1516 0.0405 0.041 0.0396 0.1365 0.3141
"TCGA.B2.5641.11A.01R.1541.07" 0 0 0 0.1384 0.1369 0.1364 0.2247 0.3637
"TCGA.B2.5641.01A.01R.1541.07" 0.1092 0.1275 0.1237 0.0947 0.0934 0.0927 0.0981 0.2608
"TCGA.B2.A4SR.01A.11R.A266.07" 0.1939 0.2213 0.2213 0.0249 0.0245 0.025 0.1698 0.1191
"TCGA.B4.5377.01A.01R.1503.07" 0.0775 0.0712 0.0718 0.1811 0.1839 0.1769 0.1535 0.0842
"TCGA.B4.5378.01A.01R.1503.07" 0 0 0 0.1745 0.1714 0.1706 0.2888 0.1948
"TCGA.B4.5832.01A.11R.1672.07" 0.0101 0.0115 0.0117 0.0243 0.0265 0.0232 0.8929 0
"TCGA.B4.5834.01A.11R.1672.07" 0.0347 0.0406 0.0408 0.1358 0.1351 0.1328 0.1731 0.3071
"TCGA.B4.5835.01A.11R.1672.07" 0.0777 0.1073 0.0886 0.0707 0.0684 0.065 0.2767 0.2456
"TCGA.B4.5836.01A.11R.1672.07" 0.0081 0.0096 0.0095 0.1714 0.1714 0.1684 0.3062 0.1553
"TCGA.B4.5838.01A.11R.1672.07" 0 0 0 0.1608 0.1468 0.1365 0.2552 0.3007
"TCGA.B4.5843.01A.11R.1672.07" 0 0 0 0.1878 0.189 0.1847 0.3292 0.1094
"TCGA.B4.5844.01A.11R.1672.07" 0.0154 0.014 0.0139 0.1302 0.1293 0.1267 0.2432 0.3274
"TCGA.B8.4143.01A.01R.1188.07" 0.0966 0.1079 0.1052 0.1567 0.1527 0.1514 0.0527 0.1766
"TCGA.B8.4146.01B.11R.1672.07" 0.0853 0.084 0.0798 0.1026 0.1028 0.0874 0.2694 0.1888
"TCGA.B8.4148.01A.02R.1325.07" 0.2524 0.2237 0.222 0.0362 0.0363 0.0357 0.0187 0.175
"TCGA.B8.4151.01A.01R.1188.07" 0 0 0 0.1769 0.1673 0.189 0.1603 0.3065
"TCGA.B8.4153.01B.11R.1672.07" 0.0014 0.0012 0.0013 0.2552 0.2465 0.2471 0.1273 0.12
"TCGA.B8.4154.01A.01R.1188.07" 0 0 0 0.1701 0.1658 0.1787 0.138 0.3474
"TCGA.B8.4619.11A.01R.1758.07" 0.0597 0.0669 0.0602 0.1197 0.1176 0.1145 0.1694 0.292
"TCGA.B8.4619.01A.02R.1325.07" 0 0 0 0.2268 0.191 0.224 0.1969 0.1612
"TCGA.B8.4620.11A.01R.1758.07" 0.1252 0.1458 0.1484 0.1642 0.1607 0.1586 0.0671 0.03
"TCGA.B8.4620.01A.02R.1325.07" 0.0179 0.0208 0.021 0.1987 0.1939 0.193 0.3547 0
"TCGA.B8.4621.01A.01R.1503.07" 0.0355 0.0423 0.0428 0.1022 0.1066 0.1007 0.3518 0.218
"TCGA.B8.4622.11A.01R.1758.07" 0.0971 0.1126 0.1132 0.1298 0.1255 0.1253 0.1982 0.0984
"TCGA.B8.4622.01A.02R.1277.07" 0.1909 0.2229 0.2237 0.0132 0.0133 0.0129 0.1701 0.1529
"TCGA.B8.5158.01A.01R.1420.07" 0.0947 0.1085 0.1076 0.0863 0.086 0.0874 0.1915 0.2381
"TCGA.B8.5159.01A.01R.1420.07" 0.03 0.0345 0.0344 0.215 0.2156 0.2128 0.0954 0.1624
"TCGA.B8.5162.01A.01R.1420.07" 0.1579 0.1692 0.1585 0.1283 0.1262 0.1258 0.0229 0.1111
"TCGA.B8.5163.01A.01R.1420.07" 0.1203 0.1073 0.1087 0.133 0.1321 0.1304 0.0893 0.179
"TCGA.B8.5164.01A.01R.1420.07" 0.1797 0.2051 0.2074 0.0932 0.094 0.0924 0.0192 0.1089
"TCGA.B8.5165.01A.01R.1420.07" 0.0795 0.0721 0.0715 0.1279 0.1296 0.1248 0.203 0.1916
"TCGA.B8.5545.01A.01R.1672.07" 0.0783 0.0911 0.0901 0.0496 0.049 0.0487 0.2912 0.3021
"TCGA.B8.5546.01A.01R.1541.07" 0.0796 0.0747 0.0727 0.0753 0.0725 0.0733 0.0927 0.4593
"TCGA.B8.5549.11A.01R.1541.07" 0 0 0 0.1809 0.16 0.1593 0.2107 0.2891
"TCGA.B8.5549.01A.01R.1541.07" 0.0067 0.0078 0.0077 0.2266 0.229 0.2224 0.1382 0.1615
"TCGA.B8.5550.01A.01R.1541.07" 0.0047 0.0053 0.0052 0.2189 0.2171 0.2192 0.1828 0.1467
"TCGA.B8.5551.01A.01R.1541.07" 0.2385 0.2709 0.2762 0 0 0 0 0.2143
"TCGA.B8.5552.11A.01R.1672.07" 0.1221 0.143 0.1445 0.025 0.0254 0.0245 0.335 0.1805
"TCGA.B8.5552.01B.11R.1672.07" 0.1718 0.1551 0.1573 0.0937 0.092 0.091 0.1037 0.1353
"TCGA.B8.5553.01A.01R.1541.07" 0.091 0.1057 0.1048 0.1483 0.1497 0.1458 0.1022 0.1525
"TCGA.B8.A54D.01A.21R.A266.07" 0.1999 0.2009 0.186 0.107 0.1075 0.1049 0.0336 0.0603
"TCGA.B8.A54E.01A.11R.A266.07" 0 0 0 0.1836 0.1668 0.1778 0.1801 0.2918
"TCGA.B8.A54F.01A.11R.A266.07" 0.024 0.0285 0.0286 0.1651 0.1631 0.1575 0.2799 0.1532
"TCGA.B8.A54G.01A.11R.A266.07" 0.2556 0.283 0.2577 0 0 0 0.0313 0.1723
"TCGA.B8.A54H.01A.11R.A33J.07" 0.0331 0.0388 0.0385 0.2158 0.1932 0.1924 0.0864 0.2018
"TCGA.B8.A54I.01A.21R.A33J.07" 0.1494 0.1726 0.1752 0 0 0 0.1494 0.3534
"TCGA.B8.A54J.01A.11R.A33J.07" 0.0331 0.0299 0.03 0.1726 0.1694 0.1656 0.1239 0.2755
"TCGA.B8.A54K.01A.11R.A33J.07" 0 0 0 0.1882 0.1856 0.1827 0.1428 0.3008
"TCGA.B8.A7U6.01A.12R.A37O.07" 0.0151 0.0142 0.0139 0.207 0.2015 0.2149 0.0952 0.2382
"TCGA.B8.A8YJ.01A.13R.A39I.07" 0.2243 0.1975 0.197 0.0762 0.0757 0.0767 0.0794 0.0732
"TCGA.BP.4158.01A.02R.1289.07" 0.0492 0.0458 0.0471 0.0747 0.0758 0.0673 0.225 0.4151
"TCGA.BP.4159.01A.02R.1289.07" 0 0 0 0.1631 0.1594 0.1651 0.1463 0.3661
"TCGA.BP.4160.01A.02R.1289.07" 0.0888 0.0845 0.084 0.1942 0.1846 0.1693 0.0576 0.137
"TCGA.BP.4161.01A.02R.1325.07" 0.1776 0.2087 0.1914 0.0525 0.0529 0.0514 0.0367 0.2288
"TCGA.BP.4162.01A.02R.1325.07" 0.0553 0.0508 0.0516 0.2002 0.2029 0.1956 0.0941 0.1495
"TCGA.BP.4163.01A.02R.1325.07" 0.0772 0.0798 0.0787 0.1456 0.1356 0.1486 0.1163 0.2184
"TCGA.BP.4164.01A.02R.1325.07" 0 0 0 0.2521 0.2562 0.2453 0.1849 0.0615
"TCGA.BP.4165.01A.02R.1289.07" 0.0855 0.0799 0.0806 0.1088 0.1058 0.1046 0.0955 0.3393
"TCGA.BP.4166.01A.02R.1289.07" 0.0518 0.0472 0.0462 0.1038 0.1017 0.1042 0.1832 0.362
"TCGA.BP.4167.01A.02R.1325.07" 0.1152 0.1241 0.1329 0.1253 0.1238 0.1232 0.0797 0.1758
"TCGA.BP.4169.01A.02R.1289.07" 0.2523 0.2197 0.2212 0.0397 0.0394 0.039 0.1114 0.0773
"TCGA.BP.4170.01A.02R.1289.07" 0.0684 0.0805 0.0795 0.1503 0.1523 0.1465 0.1152 0.2075
"TCGA.BP.4173.01A.02R.1289.07" 0.1839 0.1735 0.1767 0.1038 0.1048 0.1032 0.0278 0.1263
"TCGA.BP.4174.01A.02R.1289.07" 0.0666 0.0654 0.0639 0.1235 0.1251 0.1203 0.2034 0.2317
"TCGA.BP.4176.01A.02R.1289.07" 0.2484 0.2845 0.2927 0.0014 0.0014 0.0014 0.1702 0
"TCGA.BP.4177.01A.02R.1420.07" 0 0 0 0.1633 0.1604 0.1658 0.2205 0.29
"TCGA.BP.4325.01A.02R.1289.07" 0.0682 0.0717 0.0709 0.1043 0.102 0.1004 0.1423 0.3402
"TCGA.BP.4326.01A.01R.1289.07" 0 0 0 0.2388 0.2381 0.2381 0.128 0.1572
"TCGA.BP.4327.01A.01R.1289.07" 0.0077 0.0089 0.0089 0.1481 0.1475 0.1508 0.2136 0.3145
"TCGA.BP.4329.01A.02R.1289.07" 0.0154 0.0182 0.0183 0.182 0.1758 0.176 0.1808 0.2333
"TCGA.BP.4330.01A.01R.1289.07" 0.1803 0.2095 0.2042 0.0582 0.0575 0.0564 0.0138 0.2201
"TCGA.BP.4331.01A.01R.1289.07" 0.1514 0.1739 0.1724 0.0392 0.0382 0.0376 0.144 0.2433
"TCGA.BP.4332.01A.01R.1289.07" 0.0109 0.0119 0.0112 0.1843 0.1684 0.1745 0.2598 0.1791
"TCGA.BP.4334.01A.01R.1289.07" 0.0749 0.085 0.0871 0.0601 0.0588 0.0654 0.1432 0.4256
"TCGA.BP.4335.01A.01R.1289.07" 0.053 0.0623 0.0639 0.1927 0.1914 0.185 0.0696 0.1821
"TCGA.BP.4337.01A.01R.1289.07" 0.0303 0.0327 0.032 0.2232 0.218 0.2182 0.105 0.1406
"TCGA.BP.4338.01A.01R.1289.07" 0.1012 0.116 0.1173 0.0748 0.0641 0.0671 0.2882 0.1712
"TCGA.BP.4340.01A.01R.1289.07" 0 0 0 0.2523 0.2551 0.246 0.1344 0.1122
"TCGA.BP.4341.01A.01R.1289.07" 0 0 0 0.1747 0.1773 0.1583 0.1666 0.323
"TCGA.BP.4342.01A.01R.1289.07" 0.0491 0.0533 0.054 0.1706 0.15 0.1481 0.1522 0.2227
"TCGA.BP.4343.01A.02R.1289.07" 0.1419 0.1644 0.1653 0.0435 0.0425 0.0437 0.2574 0.1413
"TCGA.BP.4344.01A.01R.1289.07" 0 0 0 0.1352 0.1323 0.1302 0.2775 0.3248
"TCGA.BP.4345.01A.01R.1289.07" 0.0842 0.0741 0.0749 0.1202 0.1193 0.1189 0.1394 0.269
"TCGA.BP.4346.01A.01R.1289.07" 0.1945 0.1788 0.1849 0.0683 0.0676 0.0673 0.001 0.2378
"TCGA.BP.4347.01A.01R.1289.07" 0.0232 0.0221 0.0219 0.124 0.1242 0.1223 0.2162 0.3462
"TCGA.BP.4349.01A.01R.1289.07" 0.011 0.0101 0.0103 0.1501 0.1456 0.144 0.2081 0.3208
"TCGA.BP.4351.01A.01R.1289.07" 0.0247 0.0275 0.0272 0.1751 0.1758 0.1763 0.1525 0.2408
"TCGA.BP.4352.01A.01R.1289.07" 0 0 0 0.2139 0.2251 0.1998 0.1364 0.2249
"TCGA.BP.4353.01A.02R.1289.07" 0.0693 0.0644 0.063 0.0929 0.0933 0.0911 0.3824 0.1437
"TCGA.BP.4354.01A.02R.1289.07" 0.2497 0.2857 0.2885 0 0 0 0.1761 0
"TCGA.BP.4355.01A.01R.1289.07" 0 0 0 0.1597 0.1459 0.1404 0.1882 0.3658
"TCGA.BP.4756.01A.01R.1289.07" 0.0188 0.0214 0.0224 0.205 0.1983 0.1908 0.1228 0.2205
"TCGA.BP.4758.01A.01R.1289.07" 0.0875 0.0799 0.0804 0.1446 0.1444 0.1461 0.0075 0.3097
"TCGA.BP.4759.01A.01R.1289.07" 0.0226 0.0258 0.0254 0.1423 0.1375 0.1447 0.1119 0.3897
"TCGA.BP.4760.01A.02R.1420.07" 0 0 0 0.1836 0.1817 0.1794 0.1991 0.2562
"TCGA.BP.4761.01A.01R.1289.07" 0.0875 0.098 0.1052 0.0975 0.094 0.0929 0.038 0.3869
"TCGA.BP.4762.01A.02R.1289.07" 0.1212 0.109 0.1091 0.0989 0.0973 0.0964 0.1969 0.1712
"TCGA.BP.4763.01A.01R.1289.07" 0 0 0 0.1583 0.1516 0.138 0.2912 0.2609
"TCGA.BP.4765.01A.01R.1289.07" 0 0 0 0.1489 0.1448 0.1435 0.3603 0.2026
"TCGA.BP.4766.01A.01R.1289.07" 0.0284 0.0277 0.028 0.1052 0.0992 0.0978 0.2742 0.3396
"TCGA.BP.4768.01A.01R.1289.07" 0 0 0 0.1674 0.1826 0.1422 0.2516 0.2562
"TCGA.BP.4769.01A.01R.1289.07" 0 0 0 0.2109 0.2045 0.1979 0.1645 0.2222
"TCGA.BP.4770.01A.01R.1503.07" 0 0 0 0.269 0.2683 0.268 0.0849 0.1098
"TCGA.BP.4771.01A.01R.1289.07" 0.2472 0.2205 0.2192 0.012 0.0118 0.0118 0.0203 0.2571
"TCGA.BP.4774.01A.01R.1289.07" 0.1022 0.0941 0.0958 0.1138 0.1112 0.1177 0.1513 0.2139
"TCGA.BP.4775.01A.01R.1289.07" 0.1621 0.1874 0.185 0.0288 0.0297 0.028 0.1602 0.2188
"TCGA.BP.4776.01A.01R.1289.07" 0.0955 0.0874 0.0856 0.1849 0.1826 0.1775 0.0801 0.1063
"TCGA.BP.4777.01A.01R.1289.07" 0.2342 0.2328 0.2161 0.0642 0.0645 0.0626 0.0274 0.0983
"TCGA.BP.4781.01A.01R.1305.07" 0.0544 0.0616 0.0622 0.0167 0.0167 0.0165 0.7719 0
"TCGA.BP.4782.01A.02R.1420.07" 0.0686 0.0794 0.08 0.13 0.1273 0.1264 0.2432 0.1452
"TCGA.BP.4784.01A.01R.1305.07" 0.0074 0.008 0.0076 0.1689 0.1509 0.1427 0.2262 0.2884
"TCGA.BP.4787.01A.01R.1305.07" 0.0491 0.0567 0.0579 0.0375 0.0366 0.0375 0.6538 0.0709
"TCGA.BP.4789.01A.01R.1305.07" 0.0043 0.0039 0.004 0.1452 0.1421 0.1462 0.248 0.3063
"TCGA.BP.4790.01A.01R.1305.07" 0.119 0.137 0.1373 0.1251 0.1262 0.1224 0.1095 0.1236
"TCGA.BP.4795.01A.02R.1420.07" 0.1137 0.101 0.1022 0.1101 0.1087 0.1081 0.1697 0.1864
"TCGA.BP.4797.01A.01R.1305.07" 0.1218 0.1425 0.1398 0.0905 0.088 0.0872 0.1374 0.1928
"TCGA.BP.4798.01A.01R.1305.07" 0.2172 0.2084 0.2037 0.0573 0.0575 0.0569 0.0325 0.1664
"TCGA.BP.4799.01A.01R.1305.07" 0 0 0 0.2406 0.2298 0.2465 0.1587 0.1245
"TCGA.BP.4801.01A.02R.1420.07" 0.0443 0.0514 0.051 0.1688 0.1649 0.1638 0.2176 0.1382
"TCGA.BP.4803.01A.01R.1305.07" 0.0241 0.028 0.028 0.1237 0.1226 0.1256 0.3088 0.2391
"TCGA.BP.4804.01A.02R.1305.07" 0.1133 0.1239 0.1254 0.132 0.1313 0.1295 0.058 0.1866
"TCGA.BP.4807.01A.01R.1305.07" 0 0 0 0.1512 0.1486 0.1455 0.3173 0.2374
"TCGA.BP.4959.01A.01R.1334.07" 0.1815 0.2132 0.2097 0.0533 0.0518 0.0513 0.0313 0.2078
"TCGA.BP.4960.01A.01R.1334.07" 0.0433 0.047 0.0513 0.1569 0.1573 0.1535 0.1294 0.2613
"TCGA.BP.4961.01A.01R.1334.07" 0.0808 0.0738 0.0736 0.1661 0.1622 0.1627 0.1955 0.0853
"TCGA.BP.4962.01A.01R.1334.07" 0.0743 0.0803 0.0856 0.1748 0.1722 0.1691 0.0724 0.1714
"TCGA.BP.4963.01A.01R.1334.07" 0.2044 0.2319 0.2336 9e-04 9e-04 9e-04 0.1309 0.1965
"TCGA.BP.4964.01A.01R.1334.07" 0.0769 0.0754 0.0756 0.1895 0.1747 0.1619 0.1268 0.1192
"TCGA.BP.4965.01A.01R.1334.07" 0 0 0 0.1531 0.147 0.1296 0.3423 0.228
"TCGA.BP.4967.01A.01R.1334.07" 0 0 0 0.1369 0.137 0.1346 0.4158 0.1756
"TCGA.BP.4968.01A.01R.1334.07" 0.0556 0.0617 0.0633 0.1761 0.1731 0.1765 0.067 0.2267
"TCGA.BP.4969.01A.01R.1334.07" 0.0012 0.0014 0.0014 0.2592 0.2669 0.2375 0.1278 0.1045
"TCGA.BP.4970.01A.01R.1334.07" 0.1126 0.1308 0.1316 0.1064 0.1063 0.1045 0.1685 0.1393
"TCGA.BP.4971.01A.01R.1334.07" 0.1027 0.0954 0.0901 0.1344 0.1337 0.1316 0.0996 0.2124
"TCGA.BP.4972.01A.01R.1334.07" 0.0796 0.0925 0.0931 0.0885 0.0868 0.0863 0.2292 0.2441
"TCGA.BP.4973.01A.01R.1334.07" 0.1183 0.1381 0.1351 0.112 0.1137 0.1092 0.0948 0.1788
"TCGA.BP.4974.01A.01R.1334.07" 0.1118 0.1025 0.1054 0.1065 0.1027 0.1012 0.1732 0.1967
"TCGA.BP.4975.01A.01R.1334.07" 0.0076 0.0088 0.0087 0.2379 0.2364 0.239 0.1515 0.1101
"TCGA.BP.4976.01A.01R.1334.07" 0.0911 0.1056 0.1039 0.0463 0.0516 0.042 0.2078 0.3517
"TCGA.BP.4977.01A.01R.1334.07" 0.1408 0.1547 0.154 0.0356 0.0348 0.0343 0.1264 0.3193
"TCGA.BP.4981.01A.01R.1334.07" 0.0758 0.0716 0.0704 0.1956 0.1921 0.1918 0.0604 0.1422
"TCGA.BP.4982.01A.01R.1334.07" 0.1299 0.1223 0.122 0.0572 0.058 0.0559 0.2272 0.2275
"TCGA.BP.4983.01A.01R.1334.07" 0.0464 0.0445 0.0419 0.169 0.1838 0.157 0.0292 0.3281
"TCGA.BP.4985.01A.01R.1334.07" 0.0216 0.0249 0.0255 0.1833 0.1914 0.1725 0.1832 0.1977
"TCGA.BP.4986.01A.01R.1334.07" 0.1491 0.1718 0.1734 0 0 0 0.3724 0.1333
"TCGA.BP.4987.01A.01R.1334.07" 0.1127 0.1005 0.1002 0.0691 0.067 0.0668 0.1943 0.2894
"TCGA.BP.4988.01A.01R.1334.07" 0.2856 0.3135 0.2963 0 0 0 0.0472 0.0574
"TCGA.BP.4989.01A.01R.1334.07" 0.2165 0.2232 0.2102 0.0259 0.026 0.0256 0.0216 0.2512
"TCGA.BP.4991.01A.01R.1334.07" 0.1683 0.1547 0.1556 0.0373 0.0374 0.0365 0.2224 0.1878
"TCGA.BP.4992.01A.01R.1334.07" 0.2238 0.2176 0.2078 0.0574 0.0577 0.0578 0.0267 0.1513
"TCGA.BP.4993.01A.02R.1420.07" 0.0013 0.0012 0.0012 0.2425 0.2392 0.2365 0.1536 0.1245
"TCGA.BP.4994.01A.01R.1334.07" 0 0 0 0.1499 0.1505 0.1469 0.3184 0.2342
"TCGA.BP.4995.01A.01R.1334.07" 0.0654 0.0751 0.0759 0.0393 0.0394 0.0386 0.3918 0.2744
"TCGA.BP.4998.01A.01R.1334.07" 0.0778 0.0906 0.0913 0.1214 0.1233 0.1181 0.23 0.1474
"TCGA.BP.4999.01A.01R.1334.07" 0.0515 0.0478 0.048 0.1596 0.1615 0.1551 0.1854 0.191
"TCGA.BP.5000.01A.01R.1334.07" 0.0624 0.0738 0.0751 0.1921 0.1885 0.1758 0.0883 0.1439
"TCGA.BP.5001.01A.01R.1334.07" 0.1149 0.1147 0.1057 0.1189 0.119 0.1206 0.0444 0.2617
"TCGA.BP.5004.01A.01R.1334.07" 0.0507 0.0601 0.0584 0.1528 0.1537 0.1493 0.1726 0.2025
"TCGA.BP.5006.01A.01R.1334.07" 0.0058 0.0055 0.0055 0.152 0.1598 0.1352 0.2236 0.3126
"TCGA.BP.5007.01A.01R.1334.07" 0.0801 0.0926 0.0919 0.1019 0.1006 0.0987 0.161 0.2731
"TCGA.BP.5008.01A.01R.1334.07" 0.1789 0.1653 0.166 0.101 0.1011 0.098 0.1258 0.0639
"TCGA.BP.5009.01A.01R.1334.07" 0.0954 0.1108 0.112 0.1411 0.1383 0.1375 0.093 0.1719
"TCGA.BP.5010.01A.02R.1420.07" 0.0026 0.003 0.0028 0.1801 0.1779 0.1773 0.1586 0.2976
"TCGA.BP.5168.01A.01R.1420.07" 0.0161 0.0183 0.0182 0.2231 0.22 0.2252 0.1096 0.1697
"TCGA.BP.5169.01A.01R.1426.07" 0.2141 0.2371 0.2579 0 0 0 0.0634 0.2275
"TCGA.BP.5170.01A.01R.1426.07" 0.0042 0.005 0.005 0.257 0.252 0.251 0.1348 0.091
"TCGA.BP.5173.01A.01R.1426.07" 0.0473 0.0545 0.0535 0.1773 0.1764 0.1759 0.07 0.2452
"TCGA.BP.5174.01A.01R.1426.07" 0 0 0 0.2374 0.2188 0.2405 0.1236 0.1797
"TCGA.BP.5175.01A.01R.1426.07" 0.0609 0.0655 0.0715 0.0729 0.0723 0.072 0.1465 0.4383
"TCGA.BP.5176.01A.01R.1426.07" 0.0059 0.007 0.0069 0.2527 0.2277 0.225 0.1285 0.1462
"TCGA.BP.5177.01A.01R.1426.07" 0 0 0 0.1549 0.1516 0.1515 0.1819 0.3601
"TCGA.BP.5178.01A.01R.1426.07" 0.1522 0.1673 0.1567 0.0577 0.0565 0.0557 0.1314 0.2226
"TCGA.BP.5180.01A.01R.1426.07" 0.0717 0.0826 0.0841 0.1165 0.1148 0.1134 0.1341 0.2828
"TCGA.BP.5181.01A.01R.1426.07" 0.0379 0.0436 0.0436 0.2232 0.2204 0.2161 0.1116 0.1036
"TCGA.BP.5182.01A.01R.1426.07" 0.0919 0.0987 0.1054 0.1644 0.1617 0.1605 0.1016 0.1158
"TCGA.BP.5183.01A.01R.1426.07" 0.0964 0.1109 0.1092 0.1264 0.125 0.1226 0.0934 0.2162
"TCGA.BP.5184.01A.01R.1426.07" 0.1116 0.1022 0.1007 0.1213 0.1194 0.1237 0.1162 0.2049
"TCGA.BP.5185.01A.01R.1426.07" 0.0027 0.0031 0.0033 0.2783 0.2708 0.273 0.0536 0.1153
"TCGA.BP.5186.01A.01R.1426.07" 0.0294 0.0342 0.0335 0.1575 0.1545 0.1521 0.2228 0.216
"TCGA.BP.5187.01A.01R.1426.07" 0.0238 0.0221 0.022 0.2081 0.2288 0.175 0.2328 0.0874
"TCGA.BP.5189.01A.02R.1426.07" 0.0663 0.0775 0.0786 0.1865 0.1869 0.1844 0.1473 0.0726
"TCGA.BP.5190.01A.01R.1426.07" 0.0042 0.0048 0.0049 0.251 0.2659 0.2222 0.1612 0.0859
"TCGA.BP.5191.01A.01R.1426.07" 0.235 0.2352 0.2204 0.0249 0.0247 0.0247 0.0429 0.1923
"TCGA.BP.5192.01A.01R.1426.07" 0 0 0 0.1383 0.1541 0.126 0.2726 0.309
"TCGA.BP.5194.01A.02R.1426.07" 0.0947 0.0895 0.0902 0.1177 0.1109 0.1031 0.1225 0.2714
"TCGA.BP.5195.01A.02R.1426.07" 0.004 0.0048 0.0047 0.2511 0.2464 0.2449 0.1679 0.0763
"TCGA.BP.5196.01A.01R.1426.07" 0.0191 0.0214 0.0216 0.2326 0.2298 0.2275 0.1162 0.1318
"TCGA.BP.5198.01A.01R.1426.07" 0.0423 0.0466 0.0461 0.2104 0.2107 0.212 0.1164 0.1154
"TCGA.BP.5199.01A.01R.1426.07" 0.0989 0.1072 0.1067 0.1614 0.1578 0.1578 0.032 0.1782
"TCGA.BP.5200.01A.01R.1426.07" 0.081 0.0733 0.0736 0.1626 0.1637 0.1601 0.115 0.1706
"TCGA.BP.5201.01A.01R.1426.07" 0.1453 0.1321 0.1325 0.0934 0.0925 0.0924 0.0704 0.2414
"TCGA.BP.5202.01A.02R.1426.07" 0.0213 0.0247 0.0246 0.1048 0.1063 0.1019 0.2496 0.3669
"TCGA.CJ.4634.01A.02R.1325.07" 0.0167 0.0194 0.0193 0.1334 0.1319 0.1295 0.2677 0.282
"TCGA.CJ.4635.01A.02R.1305.07" 0.0635 0.0732 0.0733 0.0828 0.083 0.0819 0.1542 0.3883
"TCGA.CJ.4636.01A.02R.1325.07" 0.0859 0.0957 0.0968 0.16 0.1566 0.1556 0.0661 0.1833
"TCGA.CJ.4637.01A.02R.1325.07" 0.2861 0.2803 0.2691 0 0 0 0.0214 0.143
"TCGA.CJ.4638.01A.02R.1325.07" 0.0303 0.03 0.0276 0.1827 0.1912 0.1713 0.1265 0.2405
"TCGA.CJ.4639.01A.02R.1325.07" 0.1538 0.146 0.1469 0.1063 0.1075 0.1039 0.0522 0.1835
"TCGA.CJ.4640.01A.02R.1325.07" 0.072 0.082 0.0834 0.1488 0.147 0.1467 0.12 0.2
"TCGA.CJ.4641.01A.02R.1325.07" 0.1893 0.1975 0.1962 0.1058 0.1042 0.1027 0.0152 0.0892
"TCGA.CJ.4642.01B.01R.1305.07" 0 0 0 0.1689 0.1672 0.1695 0.1048 0.3896
"TCGA.CJ.4643.01A.02R.1325.07" 0.1369 0.1266 0.1278 0.1026 0.1014 0.099 0.1528 0.1529
"TCGA.CJ.4644.01A.02R.1325.07" 0.0764 0.0888 0.087 0.1724 0.1743 0.1674 0.106 0.1277
"TCGA.CJ.4868.01A.01R.1305.07" 0.1021 0.1184 0.1157 0.1318 0.1289 0.1279 0.1187 0.1565
"TCGA.CJ.4869.01A.02R.1426.07" 0.1522 0.1754 0.169 0.1234 0.1239 0.122 0 0.1342
"TCGA.CJ.4870.01A.01R.1305.07" 0.0694 0.062 0.0615 0.0635 0.0622 0.065 0.2337 0.3826
"TCGA.CJ.4871.01A.01R.1305.07" 0.0332 0.0385 0.0388 0.1619 0.1604 0.1624 0.2812 0.1235
"TCGA.CJ.4872.01A.01R.1305.07" 0.0778 0.0701 0.0711 0.1695 0.1671 0.1697 0.1134 0.1614
"TCGA.CJ.4873.01A.01R.1305.07" 0.1792 0.1699 0.1591 0.0872 0.0866 0.0863 0.0085 0.2233
"TCGA.CJ.4874.01A.01R.1305.07" 0.0546 0.0644 0.0634 0.1884 0.1902 0.1849 0.0587 0.1954
"TCGA.CJ.4875.01A.01R.1305.07" 0.0701 0.0739 0.0706 0.1553 0.1524 0.1499 0 0.3278
"TCGA.CJ.4876.01A.01R.1305.07" 0.0052 0.0061 0.0061 0.2352 0.2346 0.231 0.0819 0.1998
"TCGA.CJ.4878.01A.01R.1305.07" 0 0 0 0.1866 0.1901 0.1888 0.2374 0.1972
"TCGA.CJ.4881.01A.01R.1305.07" 0.1559 0.1771 0.1833 0.0626 0.0614 0.0612 0.1286 0.1698
"TCGA.CJ.4882.01A.02R.1426.07" 0.1649 0.1778 0.1766 0.105 0.1056 0.0981 0.0817 0.0904
"TCGA.CJ.4884.01A.01R.1305.07" 0.1038 0.1205 0.1163 0.1613 0.1584 0.1578 0.051 0.1308
"TCGA.CJ.4885.01A.01R.1305.07" 0 0 0 0.2768 0.299 0.2539 0.1237 0.0465
"TCGA.CJ.4886.01A.01R.1305.07" 0.0941 0.1111 0.1094 0.1247 0.1248 0.1222 0.1186 0.195
"TCGA.CJ.4887.01A.01R.1305.07" 0.1657 0.1879 0.1712 0.0446 0.0443 0.044 0.014 0.3283
"TCGA.CJ.4888.01A.01R.1305.07" 0.2677 0.2911 0.2776 0.0058 0.0058 0.0057 0.0352 0.1111
"TCGA.CJ.4889.01A.01R.1305.07" 0.2275 0.2553 0.2576 0.0737 0.0718 0.0716 0.0425 0
"TCGA.CJ.4890.01A.01R.1305.07" 0.1689 0.1928 0.2004 0.0735 0.0724 0.0722 0.0883 0.1315
"TCGA.CJ.4891.01A.01R.1305.07" 0.0434 0.0618 0.05 0.177 0.1612 0.1616 0.1879 0.1571
"TCGA.CJ.4892.01A.01R.1305.07" 0.0578 0.0666 0.0642 0.1868 0.1839 0.1809 0.0434 0.2164
"TCGA.CJ.4893.01A.01R.1305.07" 0.0808 0.094 0.0927 0.1816 0.1813 0.1773 0.0638 0.1285
"TCGA.CJ.4894.01A.01R.1305.07" 0.1292 0.1492 0.1513 0.0633 0.0628 0.0643 0.0648 0.3151
"TCGA.CJ.4895.01A.01R.1305.07" 0.0698 0.0787 0.0793 0.1516 0.149 0.1475 0.1533 0.1707
"TCGA.CJ.4897.01A.03R.1426.07" 0.0101 0.0115 0.0116 0.2071 0.2095 0.2026 0.2297 0.1179
"TCGA.CJ.4899.01A.01R.1334.07" 0.1168 0.1076 0.1064 0.0667 0.0654 0.0611 0.2367 0.2393
"TCGA.CJ.4900.01A.01R.1334.07" 0.1165 0.1131 0.1035 0.1656 0.1642 0.1633 0.022 0.1519
"TCGA.CJ.4901.01A.01R.1426.07" 0.1927 0.2326 0.2073 0.0433 0.0426 0.0416 0.031 0.209
"TCGA.CJ.4902.01A.01R.1426.07" 0.1257 0.1143 0.1167 0.0932 0.0916 0.091 0.1195 0.2479
"TCGA.CJ.4903.01A.01R.1426.07" 0.0797 0.0909 0.0931 0.1616 0.1628 0.1593 0.1343 0.1183
"TCGA.CJ.4904.01A.02R.1426.07" 0.0191 0.0174 0.0173 0.2196 0.219 0.2126 0.1718 0.1232
"TCGA.CJ.4905.01A.02R.1426.07" 0 0 0 0.1488 0.1469 0.1464 0.1791 0.3789
"TCGA.CJ.4907.01A.01R.1426.07" 0 0 0 0.2242 0.2208 0.2194 0.2031 0.1325
"TCGA.CJ.4908.01A.01R.1426.07" 0.0418 0.0382 0.0381 0.1059 0.1039 0.104 0.2119 0.3562
"TCGA.CJ.4912.01A.01R.1426.07" 0 0 0 0.1618 0.1578 0.1549 0.2775 0.248
"TCGA.CJ.4916.01A.01R.1426.07" 0.1893 0.2174 0.2211 0.0546 0.0543 0.0541 0.0358 0.1734
"TCGA.CJ.4918.01A.01R.1426.07" 0.0722 0.0645 0.0654 0.1006 0.0994 0.0984 0.2172 0.2823
"TCGA.CJ.4920.01A.01R.1426.07" 0 0 0 0.1559 0.1527 0.1506 0.2797 0.2612
"TCGA.CJ.4923.01A.01R.1426.07" 0.1266 0.1397 0.1361 0.1166 0.1152 0.1152 0.0487 0.2019
"TCGA.CJ.5671.01A.11R.1541.07" 0.1426 0.1599 0.1583 0.0502 0.0494 0.0495 0.1556 0.2344
"TCGA.CJ.5672.11A.01R.1541.07" 0 0 0 0.2022 0.175 0.1784 0.2244 0.22
"TCGA.CJ.5672.01A.11R.1541.07" 0.1403 0.1639 0.1639 0.0564 0.0569 0.0562 0.1027 0.2598
"TCGA.CJ.5675.01A.11R.1541.07" 0.1713 0.1962 0.2014 0.065 0.0646 0.0645 0 0.2371
"TCGA.CJ.5676.11A.01R.1541.07" 0.0691 0.0782 0.0787 0.1625 0.1594 0.1569 0.1769 0.1183
"TCGA.CJ.5676.01A.11R.1541.07" 0.0875 0.0986 0.0974 0.1227 0.1207 0.1187 0.1686 0.1858
"TCGA.CJ.5677.11A.01R.1541.07" 0 0 0 0.2029 0.2004 0.1962 0.1717 0.2287
"TCGA.CJ.5677.01A.11R.1541.07" 0 0 0 0.1515 0.1489 0.1522 0.2713 0.2762
"TCGA.CJ.5678.11A.01R.1541.07" 0.0297 0.0336 0.0336 0.1462 0.1437 0.1424 0.166 0.3049
"TCGA.CJ.5678.01A.11R.1541.07" 0.1034 0.1009 0.0982 0.1733 0.173 0.1746 0.0358 0.1408
"TCGA.CJ.5679.11A.01R.1541.07" 0 0 0 0.2361 0.2313 0.2276 0.1363 0.1687
"TCGA.CJ.5679.01A.11R.1541.07" 0 0 0 0.1594 0.1525 0.164 0.228 0.2961
"TCGA.CJ.5680.11A.01R.1541.07" 0 0 0 0.1681 0.1649 0.1629 0.303 0.2011
"TCGA.CJ.5680.01A.11R.1541.07" 0 0 0 0.2713 0.2718 0.2666 0.1342 0.0563
"TCGA.CJ.5681.11A.01R.1541.07" 0 0 0 0.2026 0.1973 0.1972 0.1704 0.2325
"TCGA.CJ.5681.01A.11R.1541.07" 0.0017 0.0021 0.002 0.0791 0.0823 0.0736 0.2395 0.5198
"TCGA.CJ.5682.01A.11R.1541.07" 0.0011 0.0013 0.0014 0.2309 0.2273 0.2318 0.1525 0.1537
"TCGA.CJ.5683.01A.11R.1541.07" 0.038 0.0442 0.0433 0.1536 0.1517 0.147 0.1361 0.2861
"TCGA.CJ.5684.01A.11R.1541.07" 0.0377 0.0437 0.0438 0.2037 0.1986 0.1971 0.1031 0.1723
"TCGA.CJ.5686.01A.11R.1672.07" 0.1067 0.1227 0.1236 0.1542 0.1557 0.1509 0.0969 0.0892
"TCGA.CJ.5689.11A.01R.1541.07" 0 0 0 0.2066 0.212 0.1822 0.147 0.2523
"TCGA.CJ.5689.01A.11R.1541.07" 0.0282 0.0323 0.0317 0.1812 0.1767 0.1761 0.1371 0.2368
"TCGA.CJ.6027.01A.11R.1672.07" 0.1866 0.207 0.1823 0.0072 0.007 0.0069 0.1157 0.2872
"TCGA.CJ.6028.01A.11R.1672.07" 0.0977 0.0944 0.0921 0.0966 0.0987 0.0946 0.2146 0.2113
"TCGA.CJ.6030.11A.01R.1672.07" 0.0458 0.0533 0.0544 0.1858 0.1858 0.1796 0.1068 0.1885
