"CD4_na" "CD4_cenm" "CD4_efm" "CD8_na" "CD8_cenm" "CD8_efm" "Treg" "T gamma delta"
"TCGA.2K.A9WE.01A.11R.A38C.07" 0.0647 0.0783 0.0657 0.2055 0.2155 0.1951 0.0428 0.1324
"TCGA.2Z.A9J1.01A.11R.A38C.07" 0.0273 0.0322 0.0366 0.2144 0.1975 0.2242 0.1051 0.1626
"TCGA.2Z.A9J2.01A.11R.A38C.07" 0 0 0 0.225 0.2098 0.2451 0.1766 0.1435
"TCGA.2Z.A9J3.01A.12R.A38C.07" 0 0 0 0.204 0.2009 0.1654 0.322 0.1077
"TCGA.2Z.A9J5.01A.21R.A38C.07" 0.007 0.0086 0.0094 0.2794 0.2427 0.2247 0.0936 0.1346
"TCGA.2Z.A9J6.01A.11R.A38C.07" 0.0302 0.0364 0.0412 0.1947 0.1775 0.1751 0.1985 0.1464
"TCGA.2Z.A9J7.01A.11R.A38C.07" 0.0106 0.0121 0.0131 0.0861 0.0761 0.1002 0.2551 0.4467
"TCGA.2Z.A9J8.01A.11R.A42S.07" 0.009 0.0112 0.012 0.186 0.1965 0.1677 0.2279 0.1897
"TCGA.2Z.A9J9.01A.11R.A42S.07" 0.0565 0.0504 0.0496 0.1111 0.1005 0.1173 0.2959 0.2187
"TCGA.2Z.A9JD.01A.11R.A42S.07" 0.0063 0.0075 0.0074 0.1684 0.1609 0.1843 0.147 0.3182
"TCGA.2Z.A9JE.01A.11R.A42S.07" 0 0 0 0.2168 0.1935 0.2226 0.2764 0.0907
"TCGA.2Z.A9JG.01A.11R.A42S.07" 0.0386 0.0455 0.043 0.2607 0.2372 0.228 0.0522 0.0948
"TCGA.2Z.A9JI.01A.11R.A42S.07" 0.1665 0.1953 0.233 0.0312 0.0335 0.0285 0.0926 0.2194
"TCGA.2Z.A9JJ.01A.11R.A42S.07" 0.0919 0.1023 0.1118 0.0704 0.0643 0.0555 0.1798 0.324
"TCGA.2Z.A9JK.01A.11R.A42S.07" 0.0922 0.1163 0.1265 0.1031 0.0932 0.0876 0.1333 0.2478
"TCGA.2Z.A9JL.01A.11R.A42S.07" 0.1072 0.1242 0.1349 0.0324 0.0321 0.0264 0.1262 0.4166
"TCGA.2Z.A9JM.01A.12R.A42S.07" 0.1103 0.1314 0.13 0.1104 0.1072 0.1062 0.1507 0.1538
"TCGA.2Z.A9JN.01A.21R.A42S.07" 0 0 0 0.1619 0.1553 0.1612 0.299 0.2225
"TCGA.2Z.A9JO.01A.11R.A42S.07" 0 0 0 0.2274 0.2077 0.2098 0.253 0.1022
"TCGA.2Z.A9JP.01A.11R.A42S.07" 0.0073 0.0084 0.0085 0.1667 0.1611 0.1586 0.2749 0.2146
"TCGA.2Z.A9JQ.01A.11R.A42S.07" 0.0017 0.0019 0.002 0.2335 0.222 0.2354 0.1286 0.175
"TCGA.2Z.A9JR.01A.12R.A42S.07" 0.0536 0.0593 0.0577 0.2036 0.1859 0.1829 0.1272 0.1298
"TCGA.2Z.A9JS.01A.21R.A42S.07" 0 0 0 0.144 0.1333 0.1487 0.3724 0.2017
"TCGA.2Z.A9JT.01A.11R.A42S.07" 0.0634 0.0769 0.0792 0.1321 0.1275 0.1257 0.1079 0.2873
"TCGA.4A.A93W.01A.11R.A37K.07" 0.0128 0.0163 0.0151 0.1729 0.1536 0.1887 0.2639 0.1766
"TCGA.4A.A93X.01A.11R.A37K.07" 0 0 0 0.2086 0.2051 0.2462 0.1867 0.1533
"TCGA.4A.A93Y.01A.11R.A37K.07" 0.1251 0.1559 0.1431 0.0788 0.074 0.0736 0.1176 0.2319
"TCGA.5P.A9JU.01A.11R.A42S.07" 0.0648 0.0767 0.0725 0.0774 0.0707 0.074 0.1708 0.393
"TCGA.5P.A9JV.01A.12R.A42S.07" 0.0378 0.0451 0.0467 0.0982 0.0841 0.0789 0.3369 0.2723
"TCGA.5P.A9JW.01A.11R.A42S.07" 0.0045 0.0057 0.005 0.2414 0.2341 0.2304 0.1636 0.1153
"TCGA.5P.A9JY.01A.11R.A42S.07" 0.0236 0.0268 0.0263 0.1064 0.0963 0.0953 0.2243 0.4011
"TCGA.5P.A9JZ.01A.11R.A42S.07" 0.0139 0.017 0.0167 0.1097 0.098 0.0962 0.4986 0.15
"TCGA.5P.A9K0.01A.11R.A42S.07" 0.0091 0.0101 0.0099 0.1545 0.1413 0.1391 0.2847 0.2512
"TCGA.5P.A9K2.01A.11R.A42S.07" 0.0153 0.0147 0.0142 0.1427 0.1326 0.1289 0.152 0.3996
"TCGA.5P.A9K3.01A.11R.A42S.07" 0.0029 0.0034 0.0034 0.1163 0.1159 0.1229 0.3234 0.3118
"TCGA.5P.A9K4.01A.11R.A42S.07" 0 0 0 0.2014 0.2057 0.1839 0.1602 0.2487
"TCGA.5P.A9K6.01A.11R.A42S.07" 0.0341 0.0431 0.0432 0.1772 0.161 0.1584 0.2267 0.1563
"TCGA.5P.A9K8.01A.11R.A42S.07" 0.02 0.021 0.0192 0.0578 0.0589 0.0572 0.6359 0.13
"TCGA.5P.A9K9.01A.11R.A42S.07" 0.0435 0.0539 0.0588 0.1641 0.1678 0.1556 0.154 0.2021
"TCGA.5P.A9KA.01A.11R.A42S.07" 0.1535 0.1719 0.1615 0.08 0.0762 0.0682 0.1255 0.1631
"TCGA.5P.A9KC.01A.11R.A42S.07" 0.0174 0.021 0.0243 0.1547 0.165 0.1491 0.2781 0.1905
"TCGA.5P.A9KE.01A.11R.A42S.07" 0 0 0 0.2282 0.2046 0.2146 0.2203 0.1324
"TCGA.5P.A9KF.01A.11R.A42S.07" 0 0 0 0.2286 0.2051 0.2113 0.2041 0.1509
"TCGA.5P.A9KH.01A.11R.A42S.07" 0 0 0 0.1571 0.1502 0.1636 0.159 0.37
"TCGA.A4.7286.01A.11R.A32Z.07" 0.0162 0.0203 0.021 0.2544 0.2448 0.2415 0.1181 0.0837
"TCGA.A4.7287.01A.11R.2139.07" 0.2344 0.2928 0.2616 0.0477 0.0445 0.0504 0.0686 0
"TCGA.A4.7288.01A.11R.A32Z.07" 0 0 0 0.2103 0.2029 0.1932 0.3062 0.0874
"TCGA.A4.7583.01A.11R.A32Z.07" 0.1072 0.1267 0.1023 0.0923 0.0831 0.0848 0.1348 0.2688
"TCGA.A4.7584.01A.11R.2139.07" 0 0 0 0.102 0.1103 0.096 0.3957 0.296
"TCGA.A4.7585.01A.11R.2139.07" 0.0831 0.0974 0.0999 0.1531 0.1632 0.1416 0.1153 0.1463
"TCGA.A4.7732.01A.11R.2139.07" 0.0499 0.0569 0.0573 0.0329 0.0316 0.031 0.3835 0.357
"TCGA.A4.7734.01A.11R.A32Z.07" 0.1957 0.2258 0.2446 0.0245 0.0274 0.02 0.0896 0.1723
"TCGA.A4.7828.01A.11R.2139.07" 0.0347 0.0409 0.0403 0.1531 0.1504 0.1391 0.2053 0.2362
"TCGA.A4.7915.01A.11R.2204.07" 0.0599 0.0778 0.0884 0.0939 0.1039 0.0917 0.267 0.2174
"TCGA.A4.7996.01A.11R.2204.07" 0.1246 0.1618 0.1391 0.1048 0.0979 0.0996 0.148 0.1242
"TCGA.A4.7997.01A.11R.2204.07" 0.0793 0.0867 0.0933 0.0533 0.0624 0.0442 0.1724 0.4085
"TCGA.A4.8098.01A.11R.2404.07" 0.0573 0.0717 0.064 0.1469 0.1394 0.1396 0.147 0.2341
"TCGA.A4.8310.01A.11R.2404.07" 0 0 0 0.2474 0.2412 0.2269 0.1712 0.1133
"TCGA.A4.8311.01A.11R.2404.07" 0.0844 0.0895 0.0925 0.0725 0.0669 0.0653 0.1581 0.3708
"TCGA.A4.8312.01A.11R.2404.07" 0 0 0 0.2964 0.2878 0.2917 0.0907 0.0334
"TCGA.A4.8515.01A.11R.2404.07" 0 0 0 0.1487 0.142 0.1368 0.4327 0.1398
"TCGA.A4.8516.01A.11R.2404.07" 0.0207 0.0239 0.0227 0.2135 0.2038 0.2044 0.1309 0.18
"TCGA.A4.8517.01A.11R.2404.07" 0 0 0 0.2688 0.278 0.2492 0.1258 0.0782
"TCGA.A4.8518.01A.11R.2404.07" 0 0 0 0.1941 0.1724 0.1705 0.232 0.231
"TCGA.A4.8630.01A.11R.2404.07" 0 0 0 0.0915 0.0829 0.0951 0.5642 0.1662
"TCGA.A4.A48D.01A.11R.A24Z.07" 0.0242 0.0306 0.0283 0.2394 0.2234 0.216 0.1426 0.0954
"TCGA.A4.A4ZT.11A.11R.A26U.07" 0.0222 0.0252 0.0226 0.1506 0.1752 0.1364 0.2014 0.2663
"TCGA.A4.A4ZT.01A.11R.A26U.07" 0.0891 0.0937 0.1026 0.0127 0.0114 0.012 0.3192 0.3594
"TCGA.A4.A57E.11A.11R.A26U.07" 0.0477 0.0534 0.0493 0.1346 0.1566 0.1217 0.2265 0.2102
"TCGA.A4.A57E.01A.11R.A26U.07" 0 0 0 0.0847 0.0825 0.0925 0.2973 0.443
"TCGA.A4.A5DU.01A.11R.A28H.07" 0.0206 0.0228 0.0237 0.0554 0.0503 0.0573 0.4831 0.2869
"TCGA.A4.A5XZ.01A.11R.A31O.07" 0 0 0 0.2601 0.2787 0.2356 0.1702 0.0553
"TCGA.A4.A5Y0.01A.11R.A31O.07" 0 0 0 0.1437 0.139 0.155 0.1509 0.4113
"TCGA.A4.A5Y1.01A.11R.A28H.07" 0.0176 0.0218 0.0239 0.1823 0.1843 0.1493 0.3012 0.1196
"TCGA.A4.A6HP.01A.11R.A31O.07" 0.0158 0.0197 0.0183 0.2133 0.2037 0.2049 0.2 0.1242
"TCGA.A4.A772.01A.11R.A33Z.07" 0.0292 0.0334 0.0363 0.1972 0.1762 0.186 0.1431 0.1986
"TCGA.A4.A7UZ.01A.12R.A355.07" 0.1296 0.146 0.1546 0.0553 0.0491 0.0622 0.0726 0.3306
"TCGA.AL.3466.01A.02R.1351.07" 0.0776 0.1029 0.1089 0.1067 0.1132 0.0998 0.2576 0.1334
"TCGA.AL.3467.01A.02R.1351.07" 0.0318 0.0399 0.0369 0.1929 0.2092 0.1665 0.0999 0.2229
"TCGA.AL.3468.01A.02R.1351.07" 0.0667 0.0769 0.0752 0.0832 0.0777 0.0689 0.1547 0.3967
"TCGA.AL.3471.01A.02R.1351.07" 0.0606 0.0671 0.0673 0.0499 0.0455 0.0399 0.2981 0.3716
"TCGA.AL.3472.01A.01R.1193.07" 0.1479 0.1339 0.1381 0.0588 0.0529 0.0503 0.1682 0.2499
"TCGA.AL.3473.01A.01R.1193.07" 0.0764 0.0948 0.0828 0.1889 0.1915 0.1876 0.0246 0.1534
"TCGA.AL.7173.01A.11R.2139.07" 0.0159 0.0192 0.0186 0.1936 0.175 0.1722 0.2672 0.1383
"TCGA.AL.A5DJ.01A.11R.A26U.07" 0.0169 0.0194 0.02 0.2249 0.2159 0.243 0 0.2598
"TCGA.AT.A5NU.01A.11R.A28H.07" 0.0768 0.0825 0.0851 0.1006 0.0927 0.1072 0.1882 0.2669
"TCGA.B1.5398.01A.02R.1592.07" 0.0386 0.0453 0.0498 0.179 0.1705 0.1622 0.1042 0.2502
"TCGA.B1.7332.01A.11R.A32Z.07" 0.0069 0.008 0.0083 0.2806 0.2553 0.2569 0.0752 0.1088
"TCGA.B1.A47M.01A.11R.A24Z.07" 0.0521 0.0586 0.0574 0.0627 0.058 0.068 0.276 0.3672
"TCGA.B1.A47N.01A.11R.A24Z.07" 0.177 0.1574 0.1599 0.0176 0.0157 0.0219 0.1188 0.3316
"TCGA.B1.A47O.01A.11R.A24Z.07" 0.0212 0.0252 0.0294 0.2323 0.2393 0.2138 0.0988 0.1399
"TCGA.B1.A654.01A.11R.A31O.07" 0.017 0.0204 0.0207 0.0846 0.0769 0.0774 0.429 0.274
"TCGA.B1.A655.01A.11R.A31O.07" 0.0306 0.0357 0.0346 0.2332 0.2188 0.211 0.0986 0.1374
"TCGA.B1.A656.01A.11R.A31O.07" 0.0113 0.014 0.0122 0.1874 0.184 0.1812 0.156 0.254
"TCGA.B1.A657.01A.11R.A31O.07" 0.1602 0.1671 0.1733 0.0682 0.0618 0.0635 0.0956 0.2103
"TCGA.B3.3925.01A.02R.1351.07" 0.125 0.1615 0.1374 0.0824 0.094 0.068 0.178 0.1538
"TCGA.B3.3926.01A.02R.1351.07" 0.0779 0.0922 0.0931 0.1459 0.1328 0.1317 0.1163 0.2102
"TCGA.B3.4103.01A.02R.1351.07" 0.0977 0.1164 0.1066 0.0399 0.0352 0.0372 0.2627 0.3044
"TCGA.B3.4104.01A.02R.1351.07" 0.0556 0.0688 0.0591 0.2248 0.2081 0.246 0.0362 0.1014
"TCGA.B3.8121.01A.21R.2404.07" 0.1294 0.1653 0.1468 0.0448 0.0421 0.041 0.1636 0.2668
"TCGA.B3.A6W5.01A.12R.A33Z.07" 0.0575 0.0683 0.0692 0.0495 0.0474 0.0445 0.2164 0.4471
"TCGA.B9.4113.01A.01R.1193.07" 0.158 0.1793 0.1871 0.0485 0.0455 0.0438 0.1879 0.15
"TCGA.B9.4114.01A.01R.1193.07" 0.0665 0.0732 0.0713 0.1106 0.1117 0.1082 0.164 0.2945
"TCGA.B9.4115.11A.01R.1758.07" 0.092 0.1031 0.0924 0.1107 0.1261 0.1018 0.1537 0.2202
"TCGA.B9.4115.01A.01R.1193.07" 0.0755 0.0864 0.0893 0.0986 0.089 0.091 0.1493 0.3209
"TCGA.B9.4116.01A.02R.1351.07" 0.0765 0.0932 0.1004 0.0246 0.0239 0.0284 0.3419 0.3111
"TCGA.B9.4117.01A.02R.1351.07" 0.0562 0.0683 0.0653 0.1834 0.168 0.1551 0.1583 0.1456
"TCGA.B9.4617.01A.01R.1193.07" 0.0235 0.0277 0.0283 0.2131 0.2033 0.2031 0.1871 0.1138
"TCGA.B9.5155.01A.01R.1592.07" 0.0567 0.0644 0.0672 0.0738 0.0703 0.0707 0.1734 0.4235
"TCGA.B9.5156.01A.01R.1592.07" 0.0544 0.0695 0.062 0.1619 0.1539 0.1427 0.1514 0.2041
"TCGA.B9.7268.01A.11R.A32Z.07" 0.0061 0.0073 0.008 0.1312 0.1213 0.1369 0.1736 0.4158
"TCGA.B9.A44B.01A.11R.A24Z.07" 0 0 0 0.2856 0.2939 0.2586 0.0673 0.0946
"TCGA.B9.A5W7.01A.11R.A31O.07" 0.009 0.0106 0.0114 0.2373 0.2132 0.2252 0.2073 0.0859
"TCGA.B9.A5W8.01A.11R.A28H.07" 0.0389 0.0473 0.052 0.2088 0.1833 0.1784 0.0947 0.1965
"TCGA.B9.A5W9.01A.11R.A28H.07" 0.0034 0.0041 0.0041 0.1287 0.1196 0.1189 0.3814 0.2397
"TCGA.B9.A69E.01A.11R.A31O.07" 0.0557 0.0716 0.0672 0.092 0.0937 0.0905 0.2047 0.3247
"TCGA.B9.A8YH.01A.11R.A37K.07" 0.1049 0.1202 0.1132 0.1534 0.1397 0.1234 0.1268 0.1182
"TCGA.B9.A8YI.01A.21R.A37K.07" 0 0 0 0.1186 0.1087 0.1224 0.4379 0.2123
"TCGA.BQ.5875.11A.01R.1592.07" 0.1017 0.1151 0.1072 0.1174 0.1228 0.1057 0.1884 0.1418
"TCGA.BQ.5875.01A.11R.1592.07" 0 0 0 0.1911 0.1761 0.1883 0.1673 0.2772
"TCGA.BQ.5876.01A.11R.1592.07" 0.0333 0.0409 0.0453 0.0692 0.0763 0.0646 0.2624 0.4081
"TCGA.BQ.5877.11A.01R.1592.07" 0.1061 0.1255 0.1266 0.0519 0.0542 0.0529 0.1522 0.3306
"TCGA.BQ.5877.01A.11R.1592.07" 0.0974 0.1206 0.1179 0.06 0.0643 0.0536 0.2157 0.2706
"TCGA.BQ.5878.11A.01R.1592.07" 0.0696 0.0839 0.0809 0.1462 0.1635 0.1411 0.1153 0.1996
"TCGA.BQ.5878.01A.11R.1592.07" 0 0 0 0.177 0.154 0.1486 0.1833 0.3371
"TCGA.BQ.5879.11A.01R.1592.07" 0.0676 0.0768 0.0683 0.1266 0.1433 0.1202 0.1318 0.2655
"TCGA.BQ.5879.01A.11R.1592.07" 0.0741 0.089 0.0904 0.0616 0.0633 0.0479 0.2569 0.3167
"TCGA.BQ.5880.01A.11R.1592.07" 0.0696 0.0899 0.0788 0.1253 0.1149 0.1127 0.1503 0.2585
"TCGA.BQ.5881.01A.11R.1592.07" 0.0629 0.075 0.0754 0.1847 0.1778 0.1752 0.0673 0.1818
"TCGA.BQ.5882.11A.01R.1592.07" 0.0541 0.0612 0.0571 0.1236 0.1373 0.1191 0.181 0.2666
"TCGA.BQ.5882.01A.11R.1592.07" 0.123 0.1427 0.1396 0.1206 0.108 0.109 0.0708 0.1863
"TCGA.BQ.5883.01A.11R.1592.07" 0.0396 0.0463 0.047 0.1663 0.1603 0.1685 0.1347 0.2374
"TCGA.BQ.5884.11A.01R.1592.07" 0.0562 0.066 0.0667 0.2032 0.1847 0.2316 0.0627 0.129
"TCGA.BQ.5884.01A.11R.1592.07" 0.1158 0.1244 0.1205 0.1052 0.0945 0.0978 0.1363 0.2055
"TCGA.BQ.5885.01A.11R.1592.07" 0.0608 0.0702 0.0706 0.0836 0.0831 0.0755 0.2106 0.3455
"TCGA.BQ.5886.01A.11R.1592.07" 0 0 0 0.1681 0.1541 0.1618 0.3231 0.193
"TCGA.BQ.5887.11A.01R.1965.07" 0.0881 0.0939 0.0855 0.0456 0.0457 0.0446 0.1784 0.4182
"TCGA.BQ.5887.01A.11R.1965.07" 0.0284 0.0325 0.0351 0.2245 0.2028 0.2008 0.1201 0.1557
"TCGA.BQ.5888.11A.01R.1592.07" 0.0729 0.0853 0.0877 0.1937 0.1799 0.2008 0.1134 0.0662
"TCGA.BQ.5888.01A.11R.1592.07" 0.1378 0.1539 0.1634 0.0796 0.0735 0.0857 0.111 0.195
"TCGA.BQ.5889.01A.11R.1592.07" 0.2127 0.2547 0.2598 0.062 0.0595 0.0597 0.0673 0.0245
"TCGA.BQ.5890.11A.01R.1592.07" 0.2196 0.2579 0.2619 0.0671 0.0609 0.0766 0.0417 0.0144
"TCGA.BQ.5890.01A.11R.1592.07" 0 0 0 0.1601 0.1583 0.1634 0.2599 0.2583
"TCGA.BQ.5891.11A.01R.1592.07" 0.0942 0.1053 0.0967 0.0913 0.1056 0.0866 0.1715 0.2489
"TCGA.BQ.5891.01A.11R.1592.07" 0 0 0 0.1104 0.1059 0.1026 0.5297 0.1515
"TCGA.BQ.5892.01A.11R.1592.07" 0.0491 0.0644 0.0647 0.2254 0.2073 0.1842 0.0533 0.1516
"TCGA.BQ.5893.01A.11R.1592.07" 0 0 0 0.2415 0.2263 0.2274 0.1828 0.122
"TCGA.BQ.5894.11A.01R.1592.07" 0.1037 0.1253 0.1207 0.0491 0.0534 0.0474 0.2394 0.261
"TCGA.BQ.5894.01A.11R.1592.07" 0.0506 0.0662 0.076 0.14 0.1279 0.1249 0.1334 0.2809
"TCGA.BQ.7044.11A.01R.1965.07" 0.0342 0.0396 0.0353 0.1922 0.1859 0.1935 0.1414 0.178
"TCGA.BQ.7044.01A.11R.1965.07" 0.0022 0.0025 0.0027 0.1516 0.1577 0.1413 0.3073 0.2347
"TCGA.BQ.7045.11A.01R.1965.07" 0.2053 0.2394 0.211 0.0312 0.0319 0.0307 0.1564 0.0941
"TCGA.BQ.7045.01A.31R.1965.07" 0.0159 0.0178 0.0184 0.2644 0.2471 0.2358 0.1164 0.0843
"TCGA.BQ.7046.11A.01R.1965.07" 0.0572 0.0645 0.0598 0.1307 0.1458 0.1253 0.1346 0.2821
"TCGA.BQ.7046.01A.11R.1965.07" 0.0029 0.0034 0.0034 0.2572 0.2811 0.2306 0.0913 0.13
"TCGA.BQ.7048.01A.11R.1965.07" 0.0086 0.0101 0.0097 0.1273 0.1229 0.1211 0.4512 0.1492
"TCGA.BQ.7049.01A.11R.1965.07" 0.1603 0.1849 0.1996 0.0055 0.0065 0.0046 0.083 0.3557
"TCGA.BQ.7050.01A.11R.1965.07" 0.0087 0.0094 0.0093 0.121 0.1205 0.1303 0.4481 0.1527
"TCGA.BQ.7051.11A.02R.1965.07" 0.0862 0.1031 0.1002 0.1107 0.1062 0.1209 0.1661 0.2065
"TCGA.BQ.7051.01A.12R.1965.07" 0 0 0 0.1577 0.1675 0.1478 0.4123 0.1146
"TCGA.BQ.7053.01A.11R.1965.07" 0.0392 0.049 0.0486 0.1204 0.1164 0.1242 0.1662 0.3359
"TCGA.BQ.7055.11A.01R.1965.07" 0.0423 0.0474 0.0425 0.1844 0.1756 0.1817 0.1329 0.1932
"TCGA.BQ.7055.01A.11R.1965.07" 0 0 0 0.1771 0.1638 0.2502 0.1451 0.2638
"TCGA.BQ.7056.01A.11R.1965.07" 0.059 0.0752 0.0742 0.0682 0.0626 0.0602 0.2669 0.3337
"TCGA.BQ.7058.01A.11R.1965.07" 0 0 0 0.2673 0.2627 0.2706 0.1388 0.0607
"TCGA.BQ.7059.11A.01R.1965.07" 0.0989 0.1163 0.1179 0.0833 0.0855 0.0838 0.136 0.2784
"TCGA.BQ.7059.01A.11R.1965.07" 0.061 0.0801 0.0658 0.1386 0.1348 0.1411 0.1321 0.2466
"TCGA.BQ.7060.01A.11R.1965.07" 0.0223 0.0263 0.0271 0.1467 0.1481 0.1425 0.2798 0.2072
"TCGA.BQ.7061.11A.01R.1965.07" 0.0365 0.0446 0.045 0.0938 0.0995 0.0944 0.331 0.2552
"TCGA.BQ.7061.01A.11R.1965.07" 0.0342 0.0427 0.0427 0.1615 0.1735 0.1471 0.2236 0.1748
"TCGA.BQ.7062.01A.11R.1965.07" 0.1346 0.1508 0.1467 0.1247 0.1303 0.1133 0.0579 0.1418
"TCGA.DW.5560.01A.01R.1592.07" 0.0392 0.0463 0.0505 0.0556 0.053 0.0543 0.2975 0.4036
"TCGA.DW.5561.01A.01R.1592.07" 0.047 0.0536 0.0524 0.0889 0.0852 0.0865 0.2112 0.3753
"TCGA.DW.7834.01A.11R.2139.07" 0.0866 0.1075 0.0996 0.1569 0.1498 0.1512 0.096 0.1524
"TCGA.DW.7836.01A.11R.2139.07" 0.0594 0.0726 0.078 0.0594 0.0545 0.0609 0.2759 0.3393
"TCGA.DW.7837.01A.11R.2139.07" 0.1002 0.1189 0.1267 0.1058 0.1012 0.1013 0.148 0.1978
"TCGA.DW.7838.01A.11R.2139.07" 0.0706 0.0886 0.0813 0.1757 0.1601 0.1558 0.0984 0.1694
"TCGA.DW.7839.01A.11R.2139.07" 0.0478 0.0611 0.0595 0.051 0.0507 0.0415 0.3748 0.3135
"TCGA.DW.7840.01A.11R.A32Z.07" 0.0354 0.0409 0.0448 0.1622 0.1513 0.1466 0.1922 0.2265
"TCGA.DW.7841.01A.11R.A32Z.07" 0.2435 0.26 0.26 0.0212 0.0203 0.0205 0.0629 0.1117
"TCGA.DW.7842.01A.11R.A32Z.07" 0.0555 0.0648 0.0684 0.1062 0.1002 0.0871 0.2216 0.2962
"TCGA.DW.7963.01B.11R.A28H.07" 0.0502 0.0627 0.0586 0.1145 0.1035 0.102 0.2351 0.2734
"TCGA.DZ.6131.11A.01R.1965.07" 0.0813 0.092 0.0827 0.0573 0.0462 0.0575 0.2516 0.3313
"TCGA.DZ.6131.01A.11R.1965.07" 0.0362 0.0423 0.0384 0.0425 0.0386 0.038 0.3736 0.3904
"TCGA.DZ.6132.11A.01R.1965.07" 0.1805 0.2139 0.2186 0.0379 0.0379 0.0322 0.147 0.132
"TCGA.DZ.6132.01A.11R.1965.07" 0.081 0.0982 0.0955 0.1584 0.1419 0.1347 0.1191 0.1712
"TCGA.DZ.6133.11A.01R.1965.07" 0.0488 0.055 0.0511 0.1563 0.1676 0.1518 0.1194 0.25
"TCGA.DZ.6133.01A.11R.1965.07" 0 0 0 0.0789 0.0777 0.0703 0.3106 0.4625
"TCGA.DZ.6134.11A.01R.1965.07" 0.1827 0.2154 0.2179 0.0648 0.0583 0.0699 0.1086 0.0823
"TCGA.DZ.6134.01A.11R.1965.07" 0.1153 0.1317 0.1363 0.0828 0.0805 0.0844 0.162 0.207
"TCGA.DZ.6135.01A.11R.1965.07" 0.1033 0.125 0.1326 0 0 0 0.1534 0.4858
"TCGA.EV.5901.01A.11R.1592.07" 0.1303 0.1598 0.1674 0.0987 0.1046 0.0796 0.0686 0.1912
"TCGA.EV.5902.01A.11R.1592.07" 0 0 0 0.2254 0.2074 0.2346 0.1088 0.2238
"TCGA.EV.5903.01A.11R.1592.07" 0.102 0.1218 0.1249 0.1407 0.1178 0.1086 0.1016 0.1826
"TCGA.F9.A4JJ.01A.11R.A24Z.07" 0.0644 0.0714 0.0745 0.1585 0.1751 0.1411 0.1337 0.1812
"TCGA.F9.A7Q0.01A.11R.A36F.07" 0.0319 0.0355 0.0379 0.1803 0.1839 0.1609 0.1141 0.2556
"TCGA.F9.A7VF.01A.11R.A33Z.07" 0.0392 0.0451 0.0456 0.1131 0.1044 0.1193 0.1436 0.3897
"TCGA.F9.A8NY.01A.11R.A36F.07" 0.0094 0.0116 0.011 0.1308 0.1239 0.1222 0.3181 0.273
"TCGA.F9.A97G.01A.11R.A38C.07" 0.0275 0.0358 0.031 0.0957 0.0915 0.1065 0.3921 0.22
"TCGA.G7.6789.01A.11R.1965.07" 0.0623 0.0794 0.0904 0.06 0.0563 0.0515 0.2818 0.3183
"TCGA.G7.6790.01A.11R.1965.07" 0.0296 0.0376 0.0405 0.1659 0.1487 0.1429 0.1896 0.2452
"TCGA.G7.6792.01A.21R.1965.07" 0.0951 0.1191 0.1071 0.0555 0.0586 0.0463 0.1448 0.3735
"TCGA.G7.6793.01A.11R.1965.07" 0.0014 0.0017 0.0016 0.1276 0.1367 0.1154 0.3462 0.2694
"TCGA.G7.6795.01A.11R.1965.07" 0.0083 0.0081 0.0079 0.1525 0.1426 0.1363 0.2216 0.3227
"TCGA.G7.6796.01A.11R.1965.07" 0.1164 0.1345 0.1298 0.1423 0.129 0.1448 0.0752 0.128
"TCGA.G7.6797.01A.11R.1965.07" 0 0 0 0.2002 0.1832 0.2092 0.3153 0.0921
"TCGA.G7.7501.01A.11R.2204.07" 0.0093 0.0115 0.011 0.1002 0.1044 0.0974 0.4675 0.1985
"TCGA.G7.7502.01A.11R.2204.07" 0.1527 0.1779 0.1766 0.0572 0.0521 0.0528 0.0992 0.2315
"TCGA.G7.A4TM.01A.11R.A31O.07" 0.1123 0.1276 0.1335 0.0753 0.0684 0.0612 0.1162 0.3056
"TCGA.G7.A8LB.01A.11R.A36F.07" 0.0759 0.0704 0.0724 0.0382 0.0337 0.0456 0.2289 0.4349
"TCGA.G7.A8LC.01A.11R.A36F.07" 0.1266 0.111 0.1104 0.0459 0.0408 0.0549 0.1302 0.3801
"TCGA.G7.A8LD.01A.11R.A36F.07" 0 0 0 0.1701 0.1598 0.1527 0.1664 0.351
"TCGA.G7.A8LE.01A.11R.A36F.07" 0.0532 0.0589 0.0608 0.0775 0.073 0.067 0.3687 0.2409
"TCGA.GL.6846.11A.01R.1965.07" 0.0263 0.0298 0.0267 0.152 0.1677 0.1432 0.166 0.2884
"TCGA.GL.6846.01A.11R.1965.07" 0.034 0.0392 0.0433 0.1121 0.1283 0.1016 0.2994 0.2421
"TCGA.GL.7773.01A.11R.A32Z.07" 0.0994 0.1201 0.1282 0.0859 0.0784 0.067 0.1815 0.2394
"TCGA.GL.7966.11A.01R.2204.07" 0.1767 0.2068 0.2242 0.0265 0.0241 0.0278 0.2212 0.0926
"TCGA.GL.7966.01A.11R.2204.07" 0 0 0 0.2211 0.2297 0.2118 0.107 0.2304
"TCGA.GL.8500.01A.11R.2404.07" 0 0 0 0.1618 0.15 0.1707 0.3767 0.1408
"TCGA.GL.A4EM.01A.11R.A24Z.07" 0.0486 0.0626 0.0552 0.1124 0.1163 0.1054 0.1897 0.31
"TCGA.GL.A59R.11A.11R.A26U.07" 0.0547 0.0611 0.0564 0.1183 0.1357 0.1095 0.1899 0.2745
"TCGA.GL.A59R.01A.11R.A26U.07" 0 0 0 0.2435 0.2216 0.2141 0.1624 0.1584
"TCGA.GL.A59T.01A.21R.A28H.07" 0 0 0 0.2559 0.2284 0.2648 0.1015 0.1494
"TCGA.GL.A9DC.01A.11R.A37K.07" 0.0055 0.0061 0.0067 0.2405 0.2176 0.2105 0.1455 0.1677
"TCGA.GL.A9DD.01A.11R.A37K.07" 0.0891 0.1152 0.0962 0.1543 0.1436 0.1396 0.1203 0.1417
"TCGA.GL.A9DE.11A.11R.A37K.07" 0.069 0.0786 0.0706 0.0738 0.0836 0.0698 0.2313 0.3233
"TCGA.GL.A9DE.01A.11R.A37K.07" 0.0128 0.0148 0.0144 0.1784 0.1604 0.16 0.2673 0.1919
"TCGA.HE.7128.01A.11R.1965.07" 0.0861 0.1023 0.0977 0.1935 0.1759 0.1587 0.0904 0.0954
"TCGA.HE.7129.01A.11R.1965.07" 0 0 0 0.1087 0.1056 0.1064 0.4343 0.2451
"TCGA.HE.7130.01A.11R.1965.07" 0 0 0 0.3588 0.0978 0.1001 0.2275 0.2158
"TCGA.HE.A5NF.01A.11R.A26U.07" 0.0541 0.0633 0.0627 0.1869 0.1766 0.1744 0.1175 0.1645
"TCGA.HE.A5NH.01A.11R.A26U.07" 0 0 0 0.1919 0.2019 0.1575 0.3429 0.1058
"TCGA.HE.A5NI.01A.11R.A26U.07" 0.0122 0.0118 0.0122 0.2198 0.2207 0.2115 0.1509 0.1609
"TCGA.HE.A5NJ.01A.11R.A26U.07" 0.0383 0.0382 0.0371 0.0501 0.0464 0.0408 0.4124 0.3366
"TCGA.HE.A5NK.01A.11R.A26U.07" 0.1031 0.1354 0.1138 0.0888 0.0883 0.0857 0.1092 0.2755
"TCGA.HE.A5NL.01A.11R.A26U.07" 0.062 0.0647 0.0681 0.1635 0.1558 0.1351 0.1248 0.2261
"TCGA.IA.A40U.01A.11R.A24Z.07" 0.0121 0.0136 0.015 0.1565 0.1416 0.1587 0.2567 0.2458
"TCGA.IA.A40X.01A.11R.A24Z.07" 0.0146 0.0176 0.0175 0.1652 0.1493 0.1828 0.1405 0.3126
"TCGA.IA.A40Y.01A.11R.A24Z.07" 0.0601 0.0795 0.0863 0.0554 0.0513 0.0492 0.1725 0.4458
"TCGA.IA.A83S.01A.11R.A355.07" 0.0225 0.0271 0.0252 0.2451 0.2238 0.2191 0.1415 0.0957
"TCGA.IA.A83T.01A.11R.A355.07" 0.031 0.036 0.035 0.1691 0.1616 0.1597 0.144 0.2637
"TCGA.IA.A83V.01A.11R.A355.07" 0.0375 0.0461 0.0479 0.2248 0.2039 0.2009 0.119 0.1199
"TCGA.IA.A83W.01A.11R.A355.07" 0.0978 0.1166 0.1166 0.1143 0.1092 0.0979 0.0631 0.2845
"TCGA.IZ.8195.01A.31R.2404.07" 0 0 0 0.2308 0.2041 0.2189 0.2585 0.0877
"TCGA.IZ.8196.01A.11R.2404.07" 0.0326 0.0416 0.0382 0.0741 0.078 0.0597 0.268 0.4078
"TCGA.IZ.A6M8.01A.11R.A31O.07" 0 0 0 0.2857 0.2646 0.255 0.0798 0.1149
"TCGA.IZ.A6M9.01A.11R.A31O.07" 0.0138 0.0133 0.0129 0.2373 0.2231 0.2482 0.0688 0.1825
"TCGA.J7.6720.01A.11R.2139.07" 0.081 0.0985 0.0976 0.0732 0.066 0.0655 0.2589 0.2594
"TCGA.J7.8537.01A.11R.2404.07" 0.1073 0.1341 0.1463 0.0315 0.0327 0.0307 0.1803 0.337
"TCGA.J7.A8I2.01A.12R.A36F.07" 0.063 0.0717 0.0737 0.1558 0.1606 0.1386 0.0029 0.3336
"TCGA.KV.A6GD.01A.11R.A31O.07" 0.0797 0.0908 0.096 0.2291 0.1984 0.1906 0.0333 0.0821
"TCGA.KV.A6GE.01A.11R.A31O.07" 0.1063 0.0986 0.0966 0.1632 0.1576 0.1548 0.0759 0.1471
"TCGA.KV.A74V.01A.11R.A33Z.07" 0.0246 0.0291 0.0301 0.2619 0.2346 0.244 0.0583 0.1175
"TCGA.MH.A55W.01A.11R.A26U.07" 0.1393 0.1358 0.1381 0.0999 0.0875 0.0876 0.1863 0.1253
"TCGA.MH.A55Z.01A.11R.A26U.07" 0.0532 0.0602 0.0597 0.1214 0.1159 0.1163 0.1743 0.299
"TCGA.MH.A560.01A.11R.A26U.07" 0 0 0 0.2513 0.2304 0.2598 0.1844 0.0741
"TCGA.MH.A561.01A.11R.A26U.07" 0.06 0.0704 0.0663 0.1479 0.1356 0.1509 0.1972 0.1717
"TCGA.MH.A562.01A.11R.A26U.07" 0.0127 0.0147 0.0149 0.1344 0.1328 0.1381 0.1745 0.378
"TCGA.MH.A854.01A.11R.A355.07" 0.0062 0.0073 0.0076 0.2416 0.2208 0.2182 0.1375 0.1609
"TCGA.MH.A855.01A.11R.A355.07" 0.0947 0.1131 0.1082 0.1458 0.1519 0.1381 0.1074 0.1407
"TCGA.MH.A856.01A.11R.A355.07" 0.1064 0.1146 0.1284 0.0477 0.0439 0.0384 0.1744 0.3463
"TCGA.MH.A857.01A.11R.A355.07" 0 0 0 0.0669 0.0664 0.068 0.6929 0.1058
"TCGA.O9.A75Z.01A.11R.A33Z.07" 0.155 0.1798 0.1647 0.0982 0.0908 0.0885 0.0698 0.1533
"TCGA.P4.A5E6.01A.11R.A28H.07" 0.0179 0.0223 0.0215 0.1355 0.1408 0.1265 0.2752 0.2602
"TCGA.P4.A5E7.01A.31R.A28H.07" 0.069 0.0736 0.081 0.1092 0.099 0.0933 0.219 0.256
"TCGA.P4.A5E8.11A.12R.A28H.07" 0.0643 0.0729 0.0703 0.0976 0.0894 0.0948 0.2116 0.2992
"TCGA.P4.A5E8.01A.11R.A28H.07" 0.0142 0.0172 0.0182 0.1895 0.1801 0.1734 0.0961 0.3113
"TCGA.P4.A5EA.01A.11R.A28H.07" 0.2675 0.293 0.277 0.0493 0.0483 0.048 0 0.0169
"TCGA.P4.A5EB.01A.11R.A28H.07" 6e-04 7e-04 7e-04 0.2442 0.2451 0.2234 0.1609 0.1244
"TCGA.P4.A5ED.11A.11R.A28H.07" 0.0321 0.0362 0.0335 0.164 0.1882 0.1586 0.1646 0.2228
"TCGA.P4.A5ED.01A.11R.A28H.07" 0.1302 0.1467 0.1533 0.0291 0.0291 0.0297 0.1306 0.3512
"TCGA.P4.AAVK.01A.11R.A42S.07" 0.0077 0.009 0.0087 0.1334 0.1351 0.1287 0.3529 0.2244
"TCGA.P4.AAVL.01A.11R.A42S.07" 0.0117 0.0145 0.0131 0.1123 0.1039 0.098 0.4824 0.164
"TCGA.P4.AAVM.01A.11R.A42S.07" 0 0 0 0.14 0.1224 0.1419 0.404 0.1917
"TCGA.P4.AAVO.01A.11R.A42S.07" 0 0 0 0.1828 0.1774 0.1952 0.2696 0.1748
"TCGA.PJ.A5Z8.01A.11R.A28H.07" 0.1338 0.1664 0.1745 0.0869 0.0973 0.0724 0.1401 0.1284
"TCGA.PJ.A5Z9.01A.11R.A28H.07" 0 0 0 0.1294 0.1133 0.1315 0.4487 0.1771
"TCGA.Q2.A5QZ.01A.11R.A28H.07" 0.0041 0.0048 0.005 0.1389 0.1384 0.1417 0.2525 0.3146
"TCGA.SX.A71R.01A.12R.A33Z.07" 0.0183 0.0175 0.0182 0.1475 0.1391 0.1244 0.2919 0.2432
"TCGA.SX.A71S.01A.11R.A33Z.07" 0.0834 0.1027 0.0937 0.0386 0.0384 0.031 0.3768 0.2353
"TCGA.SX.A71U.01A.12R.A33Z.07" 0.0232 0.0273 0.0257 0.1196 0.1103 0.1063 0.2921 0.2955
"TCGA.SX.A71V.01A.11R.A33Z.07" 0.0348 0.0413 0.04 0.2004 0.1874 0.1782 0.1375 0.1804
"TCGA.SX.A71W.01A.12R.A355.07" 0.0355 0.0428 0.0461 0.0554 0.0499 0.0521 0.3736 0.3445
"TCGA.SX.A7SL.01A.11R.A355.07" 0 0 0 0.128 0.1116 0.1521 0.2651 0.3432
"TCGA.SX.A7SM.01A.11R.A355.07" 0.0162 0.0216 0.0205 0.0793 0.0756 0.0724 0.5102 0.2042
"TCGA.SX.A7SN.01A.11R.A355.07" 0.0706 0.0877 0.0875 0.0971 0.0907 0.1007 0.1062 0.3596
"TCGA.SX.A7SO.01A.11R.A355.07" 0 0 0 0.1539 0.1443 0.1381 0.2627 0.301
"TCGA.SX.A7SP.01A.11R.A355.07" 0.016 0.0184 0.019 0.2731 0.2523 0.2433 0.087 0.0909
"TCGA.SX.A7SQ.01A.12R.A36F.07" 0.0014 0.0016 0.0017 0.2481 0.2459 0.2211 0.1478 0.1324
"TCGA.SX.A7SR.01A.12R.A36F.07" 0.0845 0.1091 0.097 0.064 0.0648 0.0609 0.2563 0.2634
"TCGA.SX.A7SS.01A.11R.A36F.07" 0.0414 0.0378 0.0372 0.1903 0.1793 0.1613 0.1169 0.2359
"TCGA.SX.A7SU.01A.11R.A36F.07" 0.1224 0.1171 0.1133 0.0987 0.0931 0.0812 0.1595 0.2146
"TCGA.UN.AAZ9.01A.11R.A38C.07" 0 0 0 0.2442 0.2199 0.22 0.1336 0.1823
"TCGA.UZ.A9PJ.01A.11R.A38C.07" 0.0147 0.0177 0.0187 0.1706 0.1822 0.1487 0.178 0.2694
"TCGA.UZ.A9PK.01A.11R.A38C.07" 0.0612 0.0678 0.0675 0.1571 0.1418 0.1456 0.1986 0.1604
"TCGA.UZ.A9PL.01A.11R.A38C.07" 0 0 0 0.0766 0.0707 0.0779 0.606 0.1687
"TCGA.UZ.A9PM.01A.21R.A38C.07" 0.0182 0.0226 0.0196 0.1911 0.1987 0.1731 0.1889 0.1878
"TCGA.UZ.A9PN.01A.11R.A38C.07" 0.0936 0.1237 0.1399 0.0904 0.0798 0.0768 0.1286 0.2673
"TCGA.UZ.A9PO.01A.11R.A38C.07" 0.0097 0.0118 0.0111 0.2252 0.2266 0.2186 0.1909 0.1062
"TCGA.UZ.A9PP.01A.11R.A42S.07" 0.0335 0.0375 0.0394 0.2135 0.2164 0.1977 0.0957 0.1663
"TCGA.UZ.A9PQ.01A.11R.A42S.07" 0 0 0 0.1264 0.1285 0.1235 0.4911 0.1305
"TCGA.UZ.A9PR.01A.11R.A42S.07" 0.0498 0.058 0.0609 0.0564 0.0541 0.0541 0.3312 0.3354
"TCGA.UZ.A9PS.05A.11R.A42S.07" 0.0419 0.0488 0.0475 0.1483 0.1364 0.127 0.2265 0.2235
"TCGA.UZ.A9PS.01A.11R.A42S.07" 0 0 0 0.2377 0.261 0.2118 0.2075 0.0821
"TCGA.UZ.A9PU.01A.11R.A42S.07" 0 0 0 0.0595 0.0585 0.0502 0.3814 0.4504
"TCGA.UZ.A9PV.01A.11R.A42S.07" 0 0 0 0.137 0.1263 0.1416 0.1867 0.4083
"TCGA.UZ.A9PX.01A.11R.A42S.07" 0.0726 0.0858 0.0817 0.0606 0.0553 0.0493 0.3159 0.2789
"TCGA.UZ.A9PZ.01A.11R.A42S.07" 0.0168 0.0187 0.018 0.1012 0.0951 0.092 0.3842 0.2741
"TCGA.UZ.A9Q0.01A.12R.A42S.07" 0.0075 0.0071 0.0072 0.2427 0.2287 0.2008 0.092 0.214
"TCGA.UZ.A9Q1.01A.11R.A42S.07" 0 0 0 0.171 0.1723 0.1657 0.3528 0.1381
"TCGA.V9.A7HT.01A.11R.A33Z.07" 0.1278 0.1406 0.1367 0.0763 0.0714 0.0712 0.1438 0.2322
"TCGA.WN.A9G9.01A.12R.A37K.07" 0.1795 0.1562 0.1567 0.1178 0.1178 0.1178 0.0036 0.1508
"TCGA.WN.AB4C.01A.11R.A42S.07" 0.0571 0.0657 0.0782 0.0969 0.099 0.0952 0.1515 0.3563
"TCGA.Y8.A894.01A.11R.A36F.07" 0.0632 0.0749 0.0784 0.0681 0.0643 0.0577 0.2461 0.3474
"TCGA.Y8.A895.01A.11R.A36F.07" 0.0326 0.0306 0.03 0.254 0.2407 0.2035 0.1469 0.0616
"TCGA.Y8.A896.01A.11R.A36F.07" 0.1733 0.208 0.203 0.0561 0.0506 0.0506 0.1428 0.1156
"TCGA.Y8.A897.01A.11R.A36F.07" 0.0575 0.0713 0.0642 0.1087 0.0975 0.1019 0.2662 0.2327
"TCGA.Y8.A898.01A.11R.A355.07" 0.042 0.0485 0.0485 0.1451 0.1316 0.1294 0.1878 0.2672
"TCGA.Y8.A8RY.11A.11R.A37K.07" 0.0554 0.0634 0.0567 0.081 0.0921 0.0798 0.2372 0.3343
"TCGA.Y8.A8RY.01A.11R.A37K.07" 0.0786 0.0894 0.0837 0.0914 0.0924 0.0877 0.2202 0.2567
"TCGA.Y8.A8RZ.01A.11R.A37K.07" 0 0 0 0.183 0.1877 0.168 0.3061 0.1552
"TCGA.Y8.A8S0.01A.11R.A37K.07" 0.0795 0.0984 0.0932 0.0888 0.0832 0.0922 0.2147 0.2501
"TCGA.Y8.A8S1.01A.11R.A37K.07" 0.0314 0.0395 0.0363 0.2021 0.1953 0.1925 0.1379 0.1649
