"CD4_na" "CD4_cenm" "CD4_efm" "CD8_na" "CD8_cenm" "CD8_efm" "Treg" "T gamma delta"
"TCGA.CS.4938.01B.11R.1896.07" 0.0235 0.0245 0.0241 0.1646 0.1579 0.1478 0.144 0.3137
"TCGA.CS.4941.01A.01R.1470.07" 0.0778 0.1044 0.0745 0.1612 0.0967 0.0966 0.0918 0.297
"TCGA.CS.4942.01A.01R.1470.07" 0.2138 0.2106 0.2097 0.0475 0.0464 0.0485 0.0878 0.1358
"TCGA.CS.4943.01A.01R.1470.07" 0.0729 0.0765 0.0786 0.1744 0.1577 0.1537 0.0674 0.2188
"TCGA.CS.4944.01A.01R.1470.07" 0.0397 0.0375 0.0373 0.229 0.2075 0.196 0.0703 0.1828
"TCGA.CS.5390.01A.02R.1470.07" 0.0242 0.025 0.0252 0.2584 0.2509 0.2654 0.0916 0.0592
"TCGA.CS.5393.01A.01R.1470.07" 0.1286 0.1317 0.1318 0.1396 0.136 0.1333 0.114 0.0849
"TCGA.CS.5394.01A.01R.1470.07" 0.0147 0.0167 0.0165 0.2163 0.2427 0.2175 0.1075 0.1681
"TCGA.CS.5395.01A.01R.1470.07" 0 0 0 0.2221 0.2083 0.2403 0.1916 0.1377
"TCGA.CS.5396.01A.02R.1470.07" 0.0629 0.0674 0.0674 0.2278 0.2003 0.2045 0.0588 0.111
"TCGA.CS.5397.01A.01R.1896.07" 0.1792 0.1887 0.1749 0.0654 0.071 0.0611 0.1668 0.0928
"TCGA.CS.6186.01A.12R.2027.07" 0.0878 0.094 0.0902 0.0624 0.0658 0.0572 0.1244 0.4183
"TCGA.CS.6188.01A.11R.1896.07" 0.0826 0.0912 0.0853 0.0307 0.0326 0.0283 0.1753 0.4742
"TCGA.CS.6290.01A.11R.1708.07" 0.1508 0.1536 0.1538 0.0721 0.0704 0.0714 0.1103 0.2175
"TCGA.CS.6665.01A.11R.1896.07" 0.1862 0.1872 0.1868 0.0882 0.0876 0.0819 0.0896 0.0925
"TCGA.CS.6666.01A.11R.1896.07" 0.0683 0.0784 0.0717 0.181 0.1638 0.1692 0.0708 0.1967
"TCGA.CS.6667.01A.12R.2027.07" 0.03 0.0312 0.0334 0.2555 0.2422 0.2266 0.0824 0.0987
"TCGA.CS.6668.01A.11R.1896.07" 0.0324 0.0313 0.0309 0.2032 0.197 0.2141 0.0967 0.1944
"TCGA.CS.6669.01A.11R.1896.07" 0.0633 0.0644 0.0653 0.1575 0.1544 0.1533 0.1256 0.2162
"TCGA.CS.6670.01A.11R.1896.07" 0.0199 0.0194 0.0196 0.2688 0.2931 0.2748 0.0402 0.0643
"TCGA.DB.5270.01A.02R.1470.07" 0.0898 0.0931 0.0917 0.1183 0.117 0.1147 0.1123 0.263
"TCGA.DB.5273.01A.01R.1470.07" 0.0765 0.0801 0.0792 0.2041 0.1964 0.1951 0.0465 0.1222
"TCGA.DB.5274.01A.01R.1470.07" 0.0722 0.0747 0.0751 0.136 0.1288 0.1494 0.074 0.2898
"TCGA.DB.5275.01A.01R.1470.07" 0.0251 0.0234 0.0235 0.2561 0.2696 0.2442 0.0561 0.102
"TCGA.DB.5276.01A.01R.1470.07" 0.1133 0.1148 0.1139 0.1299 0.1317 0.1284 0.1014 0.1665
"TCGA.DB.5277.01A.01R.1470.07" 0.0071 0.0069 0.0069 0.1917 0.1821 0.2026 0.1055 0.2972
"TCGA.DB.5278.01A.01R.1470.07" 0.0231 0.0225 0.0223 0.2479 0.236 0.2627 0.1116 0.0739
"TCGA.DB.5279.01A.03R.2347.07" 0.0784 0.0815 0.0806 0.1602 0.1659 0.1649 0.0962 0.1723
"TCGA.DB.5280.01A.01R.1470.07" 0.054 0.0619 0.0574 0.1493 0.1352 0.1382 0.0891 0.3149
"TCGA.DB.5281.01A.01R.1470.07" 0.0523 0.059 0.0579 0.2193 0.2389 0.2063 0.0686 0.0978
"TCGA.DB.A4X9.01A.11R.A26U.07" 0.0153 0.0164 0.016 0.2551 0.2343 0.232 0.0888 0.1421
"TCGA.DB.A4XA.01A.11R.A26U.07" 0.0842 0.0855 0.0841 0.163 0.1611 0.1688 0.0842 0.1691
"TCGA.DB.A4XB.01A.11R.A26U.07" 0.0508 0.0493 0.0482 0.249 0.2651 0.2399 0.0374 0.0603
"TCGA.DB.A4XC.01A.11R.A26U.07" 0.1399 0.1469 0.1503 0.1377 0.134 0.1232 0.0876 0.0804
"TCGA.DB.A4XD.01A.11R.A27Q.07" 0.0258 0.0254 0.0255 0.237 0.2284 0.2371 0.1436 0.0772
"TCGA.DB.A4XE.01A.11R.A27Q.07" 0.0465 0.0457 0.045 0.2218 0.1968 0.2012 0.0769 0.1661
"TCGA.DB.A4XF.01A.11R.A27Q.07" 0.0728 0.0823 0.0864 0.2248 0.215 0.1907 0.0702 0.0577
"TCGA.DB.A4XG.01A.11R.A27Q.07" 0.0184 0.0209 0.0206 0.2419 0.2272 0.2598 0.0766 0.1347
"TCGA.DB.A4XH.01A.11R.A27Q.07" 0.0229 0.0233 0.0231 0.2095 0.2048 0.2051 0.2106 0.1007
"TCGA.DB.A64L.01A.11R.A29R.07" 0.0577 0.0615 0.0666 0.2312 0.2115 0.2166 0.0785 0.0764
"TCGA.DB.A64O.01A.11R.A29R.07" 0.0673 0.069 0.0695 0.1675 0.1681 0.1487 0.1142 0.1956
"TCGA.DB.A64P.01A.11R.A29R.07" 0.026 0.0271 0.0265 0.2457 0.2303 0.2594 0.0578 0.1272
"TCGA.DB.A64Q.01A.11R.A29R.07" 0.0097 0.0095 0.0093 0.2303 0.2408 0.2113 0.0777 0.2113
"TCGA.DB.A64R.01A.11R.A29R.07" 0.0106 0.012 0.0122 0.2759 0.2597 0.2841 0.0672 0.0782
"TCGA.DB.A64S.01A.11R.A29R.07" 0.0714 0.0754 0.0733 0.1958 0.1994 0.1838 0.0772 0.1237
"TCGA.DB.A64U.01A.11R.A29R.07" 0.0328 0.0332 0.033 0.1891 0.1929 0.1892 0.1878 0.1421
"TCGA.DB.A64V.01A.11R.A29R.07" 0.0943 0.0951 0.0949 0.1206 0.1185 0.1191 0.0792 0.2784
"TCGA.DB.A64W.01A.11R.A29R.07" 0.0823 0.0948 0.0984 0.1269 0.1228 0.133 0.1256 0.2161
"TCGA.DB.A64X.01A.11R.A29R.07" 0.0051 0.0058 0.0055 0.2559 0.2234 0.2294 0.0512 0.2237
"TCGA.DB.A75K.01A.11R.A32Q.07" 0.0549 0.056 0.0556 0.1625 0.1574 0.15 0.0881 0.2756
"TCGA.DB.A75L.01A.11R.A32Q.07" 0.0655 0.0686 0.0694 0.2362 0.2111 0.2104 0.0768 0.062
"TCGA.DB.A75M.01A.11R.A32Q.07" 0.0232 0.0238 0.0237 0.2483 0.243 0.239 0.083 0.116
"TCGA.DB.A75O.01A.11R.A32Q.07" 0.1027 0.1049 0.1043 0.082 0.08 0.0792 0.0942 0.3527
"TCGA.DB.A75P.01A.11R.A32Q.07" 0.1 0.1023 0.1029 0.0989 0.1024 0.0908 0.1079 0.2949
"TCGA.DH.5140.01A.01R.1470.07" 0.1187 0.1177 0.1152 0.1084 0.0994 0.0939 0.0811 0.2656
"TCGA.DH.5141.01A.01R.1470.07" 0.012 0.0125 0.0121 0.2343 0.2204 0.243 0.0543 0.2113
"TCGA.DH.5142.01A.01R.1470.07" 0.1194 0.1355 0.1284 0.1018 0.0992 0.1101 0.0244 0.2814
"TCGA.DH.5143.01A.01R.1470.07" 0.0344 0.0364 0.0355 0.2371 0.242 0.2162 0.0406 0.1579
"TCGA.DH.5144.01A.01R.1470.07" 0.0174 0.0198 0.0196 0.2201 0.2104 0.2393 0.0861 0.1874
"TCGA.DH.A669.01A.12R.A31N.07" 0.0415 0.048 0.0454 0.1857 0.1689 0.1694 0.0634 0.2776
"TCGA.DH.A669.02A.11R.A31N.07" 0.1059 0.1233 0.1175 0.059 0.0556 0.0616 0.0809 0.3962
"TCGA.DH.A66B.01A.11R.A29R.07" 0.1303 0.1518 0.1437 0.1198 0.1088 0.1075 0.0446 0.1934
"TCGA.DH.A66D.01A.11R.A31N.07" 0.1262 0.1449 0.1439 0.1013 0.1034 0.0935 0.0946 0.1922
"TCGA.DH.A66F.01A.11R.A29R.07" 0.0211 0.0216 0.0211 0.2713 0.2762 0.2565 0.0546 0.0776
"TCGA.DH.A66G.01A.21R.A31N.07" 0.0631 0.0721 0.0746 0.2018 0.2169 0.1924 0.0837 0.0953
"TCGA.DH.A7UR.01A.11R.A33Z.07" 0.0609 0.0665 0.0695 0.0839 0.0792 0.0908 0.1635 0.3857
"TCGA.DH.A7US.01A.11R.A33Z.07" 0.0206 0.0208 0.0208 0.2123 0.2106 0.2172 0.1454 0.1523
"TCGA.DH.A7UT.01A.12R.A34F.07" 0.0995 0.1002 0.0999 0.0064 0.0063 0.0063 0.2685 0.4128
"TCGA.DH.A7UU.01A.12R.A34F.07" 0.0188 0.0207 0.0209 0.1992 0.1896 0.1716 0.1022 0.277
"TCGA.DH.A7UV.01A.12R.A34F.07" 0.0164 0.0168 0.017 0.1866 0.1812 0.171 0.1029 0.308
"TCGA.DU.5847.01A.11R.1708.07" 0.1807 0.19 0.1862 0 0 0 0.1203 0.3228
"TCGA.DU.5849.01A.11R.1708.07" 0.0228 0.0234 0.0231 0.2177 0.2115 0.213 0.143 0.1456
"TCGA.DU.5851.01A.13R.1896.07" 0.0181 0.0183 0.0182 0.246 0.2414 0.24 0.1626 0.0554
"TCGA.DU.5852.01A.11R.1708.07" 0.1257 0.1322 0.1303 0 0 0 0.1383 0.4736
"TCGA.DU.5853.01A.11R.1896.07" 0.1954 0.199 0.1977 0.0936 0.0904 0.0856 0.0808 0.0576
"TCGA.DU.5854.01A.11R.1708.07" 0.1481 0.1492 0.1494 0 0 0 0.1488 0.4044
"TCGA.DU.5855.01A.11R.1708.07" 0.1429 0.1647 0.1631 0.1023 0.0969 0.0904 0.0549 0.1847
"TCGA.DU.5870.01A.11R.1708.07" 0.0365 0.0359 0.0356 0.2197 0.2162 0.2161 0.1544 0.0857
"TCGA.DU.5870.02A.12R.A36H.07" 0.0141 0.0155 0.0159 0.2755 0.2668 0.3046 0.0404 0.0671
"TCGA.DU.5871.01A.12R.1708.07" 0.0516 0.0594 0.0589 0.2132 0.1982 0.2355 0.0728 0.1104
"TCGA.DU.5872.01A.11R.1708.07" 0.0871 0.0979 0.0964 0.1686 0.1591 0.1812 0.0349 0.1749
"TCGA.DU.5872.02A.21R.A36H.07" 0.1404 0.1415 0.1411 0.0907 0.0899 0.0894 0 0.307
"TCGA.DU.5874.01A.11R.1708.07" 0.0265 0.0234 0.0236 0.2294 0.2201 0.2457 0.06 0.1713
"TCGA.DU.6392.01A.11R.1708.07" 0.1682 0.1656 0.1646 0.0746 0.0723 0.0689 0.0714 0.2144
"TCGA.DU.6393.01A.11R.1708.07" 0.0471 0.0531 0.0526 0.1684 0.1577 0.1788 0.0974 0.2448
"TCGA.DU.6394.01A.11R.1708.07" 0.0092 0.0084 0.0081 0.2461 0.226 0.2333 0.0679 0.2009
"TCGA.DU.6395.01A.13R.1708.07" 0.0237 0.0245 0.0241 0.2118 0.2045 0.2159 0.0823 0.2132
"TCGA.DU.6396.01A.11R.1708.07" 0.193 0.2025 0.196 0.076 0.0797 0.0714 0.0232 0.1582
"TCGA.DU.6397.01A.11R.1708.07" 0.0395 0.0389 0.0385 0.2124 0.2221 0.2049 0.1378 0.1059
"TCGA.DU.6397.02A.12R.A36H.07" 0.1373 0.1521 0.1534 0.0593 0.0563 0.0621 0.0731 0.3066
"TCGA.DU.6399.01A.12R.1708.07" 0.1468 0.1563 0.1511 0.138 0.1262 0.1264 0.0406 0.1146
"TCGA.DU.6400.01A.12R.1708.07" 0.0483 0.0548 0.0544 0.19 0.1802 0.1991 0.0765 0.1968
"TCGA.DU.6401.01A.11R.1708.07" 0.0382 0.037 0.0396 0.257 0.2427 0.2341 0.0441 0.1073
"TCGA.DU.6402.01A.11R.1708.07" 0.0811 0.0882 0.0915 0.0737 0.072 0.0748 0.0544 0.4642
"TCGA.DU.6403.01A.11R.1708.07" 0.1062 0.1071 0.1075 0.0669 0.0654 0.0656 0.1378 0.3435
"TCGA.DU.6404.01A.11R.1708.07" 0.0782 0.0893 0.0859 0.1006 0.0925 0.0933 0.2617 0.1986
"TCGA.DU.6404.02B.11R.A36H.07" 0 0 0 0.2364 0.1799 0.1793 0.2208 0.1836
"TCGA.DU.6405.01A.11R.1708.07" 0.0796 0.0899 0.0829 0.058 0.0615 0.0532 0.145 0.4299
"TCGA.DU.6406.01A.11R.1708.07" 0.0821 0.098 0.094 0.083 0.0797 0.0871 0.0648 0.4113
"TCGA.DU.6407.01A.13R.1708.07" 0.0257 0.0269 0.0263 0.2259 0.2196 0.2316 0.0621 0.1819
"TCGA.DU.6407.02B.11R.A36H.07" 0.0958 0.0996 0.1008 0.1029 0.1122 0.1018 0.1018 0.2851
"TCGA.DU.6408.01A.11R.1708.07" 0.0936 0.0995 0.0948 0.1651 0.145 0.1427 0.0926 0.1667
"TCGA.DU.6410.01A.11R.1896.07" 0.0322 0.0302 0.0299 0.2428 0.2342 0.2709 0.0348 0.1251
"TCGA.DU.6542.01A.11R.1896.07" 0.1996 0.2105 0.2027 0.0372 0.036 0.0375 0.0756 0.2009
"TCGA.DU.7006.01A.11R.2027.07" 0.1441 0.1324 0.1249 0.0636 0.0604 0.0674 0.0565 0.3507
"TCGA.DU.7007.01A.11R.2027.07" 0.0719 0.0747 0.0724 0.1254 0.1292 0.1136 0.1524 0.2605
"TCGA.DU.7008.01A.11R.2027.07" 0.0069 0.0063 0.0064 0.2371 0.223 0.254 0.0716 0.1947
"TCGA.DU.7009.01A.11R.2027.07" 0.019 0.0187 0.0187 0.2513 0.2577 0.2513 0.129 0.0544
"TCGA.DU.7010.01A.11R.2027.07" 0.101 0.1035 0.1029 0.0755 0.0762 0.0733 0.1428 0.3248
"TCGA.DU.7011.01A.11R.2027.07" 0.1613 0.171 0.1658 0.1293 0.1329 0.1321 0.0242 0.0833
"TCGA.DU.7012.01A.11R.2027.07" 0.1603 0.1845 0.175 0.0629 0.0603 0.0572 0.0941 0.2057
"TCGA.DU.7013.01A.11R.2027.07" 0.0398 0.043 0.0412 0.2584 0.2803 0.2452 0.0359 0.0561
"TCGA.DU.7014.01A.11R.2027.07" 0.0505 0.0573 0.0543 0.1804 0.1716 0.1969 0.0826 0.2063
"TCGA.DU.7015.01A.11R.2027.07" 0.1755 0.2027 0.2012 0.0918 0.0866 0.0988 0.0522 0.0912
"TCGA.DU.7018.01A.11R.2027.07" 0.0672 0.0606 0.0615 0.181 0.1747 0.1965 0.0803 0.1782
"TCGA.DU.7019.01A.11R.2027.07" 0.0469 0.0508 0.0502 0.2512 0.2306 0.2229 0.06 0.0873
"TCGA.DU.7290.01A.11R.2027.07" 0.0921 0.0985 0.0965 0.1641 0.1603 0.1486 0.17 0.0699
"TCGA.DU.7292.01A.11R.2027.07" 0.0436 0.0475 0.0448 0.2033 0.2259 0.1988 0.0898 0.1464
"TCGA.DU.7294.01A.11R.2027.07" 0.0197 0.0192 0.0191 0.2684 0.2544 0.2853 0.0702 0.0637
"TCGA.DU.7298.01A.11R.2027.07" 0.0398 0.0407 0.0411 0.2216 0.2137 0.2067 0.1259 0.1106
"TCGA.DU.7299.01A.21R.2027.07" 0.0316 0.0308 0.0306 0.2581 0.2524 0.2309 0.1103 0.0554
"TCGA.DU.7300.01A.21R.2090.07" 0.0237 0.0248 0.0242 0.2569 0.2526 0.2382 0.0539 0.1256
"TCGA.DU.7301.01A.11R.2090.07" 0.0618 0.0604 0.0608 0.2067 0.2113 0.2149 0.0434 0.1407
"TCGA.DU.7302.01A.11R.2090.07" 0.028 0.0307 0.0304 0.226 0.2523 0.2217 0.0848 0.1262
"TCGA.DU.7304.01A.12R.2090.07" 0.1732 0.1816 0.1784 0.0913 0.0933 0.0841 0.1075 0.0904
"TCGA.DU.7304.02A.12R.A36H.07" 0.0112 0.0129 0.0139 0.1045 0.1 0.1209 0.1187 0.518
"TCGA.DU.7306.01A.11R.2090.07" 0.0026 0.0028 0.0028 0.2687 0.2388 0.2366 0.0685 0.1792
"TCGA.DU.7309.01A.11R.2090.07" 0.0771 0.0832 0.0798 0.1948 0.2058 0.1821 0.096 0.0814
"TCGA.DU.8158.01A.11R.2256.07" 0.1096 0.1211 0.1208 0.143 0.1391 0.133 0.1406 0.0927
"TCGA.DU.8161.01A.11R.2256.07" 0.1582 0.1747 0.1592 0.1187 0.1244 0.1071 0.0962 0.0614
"TCGA.DU.8162.01A.21R.2256.07" 0.0657 0.0668 0.0675 0.1626 0.1596 0.1568 0.1554 0.1656
"TCGA.DU.8163.01A.11R.2256.07" 0.1006 0.1029 0.1016 0.1592 0.1548 0.1453 0.1169 0.1188
"TCGA.DU.8164.01A.11R.2256.07" 0.0234 0.0266 0.0269 0.2207 0.2447 0.2127 0.0956 0.1495
"TCGA.DU.8165.01A.11R.2256.07" 0.2028 0.2302 0.2192 0 0 0 0.3233 0.0245
"TCGA.DU.8166.01A.11R.2256.07" 0.0427 0.0407 0.0399 0.2293 0.2475 0.2148 0.0676 0.1175
"TCGA.DU.8167.01A.11R.2256.07" 0.1406 0.142 0.1415 0.1012 0.0999 0.1038 0.0712 0.1998
"TCGA.DU.8168.01A.11R.2256.07" 0.0633 0.0539 0.0543 0.176 0.1731 0.1892 0.0844 0.2058
"TCGA.DU.A5TP.01A.11R.A28M.07" 0.112 0.1218 0.1142 0.1417 0.1363 0.1479 0 0.2261
"TCGA.DU.A5TR.01A.11R.A28M.07" 0.1825 0.1861 0.1845 0.0439 0.043 0.0446 0 0.3154
"TCGA.DU.A5TS.01A.11R.A28M.07" 0.0271 0.0274 0.0274 0.1754 0.1728 0.173 0.1224 0.2746
"TCGA.DU.A5TT.01A.11R.A28M.07" 0 0 0 0.2123 0.2262 0.1976 0.1385 0.2254
"TCGA.DU.A5TU.01A.11R.A28M.07" 0.1809 0.1926 0.2016 0.0239 0.0225 0.0216 0.0306 0.3263
"TCGA.DU.A5TW.01A.11R.A28M.07" 0.0351 0.0404 0.041 0.1836 0.1607 0.1714 0.1 0.2678
"TCGA.DU.A5TY.01A.11R.A28M.07" 0.0867 0.0887 0.0899 0.0699 0.0659 0.0675 0.184 0.3475
"TCGA.DU.A6S2.01A.21R.A32Q.07" 0.0284 0.0281 0.0281 0.2432 0.2382 0.2374 0.0916 0.1051
"TCGA.DU.A6S3.01A.12R.A32Q.07" 0.0203 0.0208 0.0209 0.2584 0.2497 0.251 0.048 0.1308
"TCGA.DU.A6S6.01A.21R.A32Q.07" 0.0285 0.0312 0.0332 0.1614 0.1734 0.1594 0.1125 0.3003
"TCGA.DU.A6S7.01A.21R.A32Q.07" 0.1555 0.159 0.1572 0.0707 0.0691 0.0648 0.1012 0.2225
"TCGA.DU.A6S8.01A.12R.A32Q.07" 0.0143 0.0165 0.0167 0.2304 0.2201 0.2458 0.0793 0.1769
"TCGA.DU.A76K.01A.11R.A33Z.07" 0.0038 0.0041 0.0039 0.1883 0.1981 0.171 0.101 0.3298
"TCGA.DU.A76L.01A.11R.A32Q.07" 0.184 0.1883 0.1868 0 0 0 0.1069 0.334
"TCGA.DU.A76O.01A.11R.A32Q.07" 0.2024 0.2124 0.2097 0.0337 0.031 0.0313 0.0529 0.2267
"TCGA.DU.A76R.01A.11R.A32Q.07" 0.0725 0.0762 0.0741 0.1417 0.1317 0.1466 0.17 0.1871
"TCGA.DU.A7T6.01A.11R.A33Z.07" 0.0371 0.0394 0.0397 0.0788 0.0767 0.0858 0.1981 0.4443
"TCGA.DU.A7T8.01A.21R.A34R.07" 0.0582 0.0668 0.0663 0.176 0.1563 0.1626 0.0555 0.2584
"TCGA.DU.A7TA.01A.11R.A33Z.07" 0.1153 0.1198 0.1311 0.1243 0.1295 0.1147 0.0668 0.1985
"TCGA.DU.A7TB.01A.11R.A33Z.07" 0.0609 0.0609 0.0609 0.0816 0.082 0.0805 0.2126 0.3606
"TCGA.DU.A7TC.01A.21R.A34R.07" 0.052 0.0543 0.0536 0.1889 0.1761 0.174 0.0725 0.2286
"TCGA.DU.A7TD.01A.12R.A34F.07" 0.1655 0.1903 0.1863 0 0 0 0.0914 0.3664
"TCGA.DU.A7TG.01A.21R.A34R.07" 0.0515 0.0528 0.0538 0.218 0.2132 0.208 0.0772 0.1254
"TCGA.DU.A7TI.01A.11R.A33Z.07" 0.0694 0.073 0.071 0.223 0.2373 0.2098 0.0311 0.0854
"TCGA.DU.A7TJ.01A.11R.A34R.07" 0.08 0.0882 0.0935 0.0445 0.0414 0.0399 0.0619 0.5506
"TCGA.E1.5302.01A.01R.1470.07" 0.1164 0.1142 0.1139 0.1544 0.1577 0.1361 0.0928 0.1144
"TCGA.E1.5303.01A.01R.1470.07" 0.0913 0.0919 0.0917 0.1644 0.1631 0.1669 0.0826 0.1482
"TCGA.E1.5304.01A.01R.1470.07" 0.011 0.0126 0.0129 0.0906 0.0805 0.0827 0.1962 0.5136
"TCGA.E1.5305.01A.01R.1896.07" 0.0499 0.0516 0.0511 0.193 0.182 0.1715 0.0978 0.2031
"TCGA.E1.5307.01A.01R.1896.07" 0.0782 0.0759 0.0756 0.1842 0.1755 0.1646 0.0718 0.1743
"TCGA.E1.5311.01A.01R.1470.07" 0.0566 0.0635 0.063 0.1868 0.1747 0.1963 0.1046 0.1546
"TCGA.E1.5318.01A.01R.1470.07" 0.037 0.0346 0.0338 0.2002 0.1867 0.2099 0.0977 0.2001
"TCGA.E1.5319.01A.01R.1896.07" 0.043 0.0435 0.0433 0.2313 0.2327 0.2223 0.1138 0.07
"TCGA.E1.5322.01A.01R.1470.07" 0.0971 0.1127 0.1038 0.2004 0.1829 0.1871 0.0248 0.091
"TCGA.E1.A7YD.01A.11R.A34F.07" 0.0646 0.0709 0.0695 0.1358 0.1467 0.1256 0.1002 0.2866
"TCGA.E1.A7YE.01A.11R.A34F.07" 0.204 0.2321 0.2402 0.0539 0.0567 0.051 0.0314 0.1307
"TCGA.E1.A7YH.01A.11R.A34F.07" 0.0314 0.0314 0.0314 0.1879 0.1861 0.1839 0.181 0.1668
"TCGA.E1.A7YI.01A.11R.A34F.07" 0 0 0 0.2706 0.2665 0.2403 0.0863 0.1362
"TCGA.E1.A7YJ.01A.11R.A34F.07" 0.0541 0.0554 0.0549 0.1041 0.0993 0.0965 0.1112 0.4246
"TCGA.E1.A7YK.01A.11R.A34F.07" 0.189 0.189 0.189 0.067 0.0673 0.0668 0.0609 0.1709
"TCGA.E1.A7YL.01A.11R.A34F.07" 0.0525 0.0568 0.0597 0.1462 0.1572 0.1383 0.0505 0.3388
"TCGA.E1.A7YM.01A.11R.A34F.07" 0.0596 0.06 0.0596 0.107 0.107 0.1056 0.198 0.3031
"TCGA.E1.A7YN.01A.11R.A34F.07" 0.1516 0.1557 0.155 0.1522 0.1473 0.1482 0.0416 0.0484
"TCGA.E1.A7YO.01A.11R.A34F.07" 0.0804 0.0858 0.0851 0.1675 0.1526 0.1551 0.1985 0.075
"TCGA.E1.A7YQ.01A.11R.A34R.07" 0.252 0.285 0.2768 0 0 0 0.0474 0.1388
"TCGA.E1.A7YS.01A.11R.A34F.07" 0.0392 0.0435 0.0419 0.2298 0.2112 0.2083 0.0755 0.1505
"TCGA.E1.A7YU.01A.11R.A34R.07" 0.0537 0.055 0.0543 0.1542 0.1485 0.1481 0.1711 0.2151
"TCGA.E1.A7YV.01A.11R.A34R.07" 0.0529 0.0458 0.0438 0.1242 0.12 0.1405 0.1879 0.2848
"TCGA.E1.A7YW.01A.11R.A34R.07" 0.0259 0.0278 0.0282 0.2828 0.2811 0.248 0.0464 0.0599
"TCGA.E1.A7YY.01A.11R.A34R.07" 0.0653 0.0708 0.0704 0.171 0.1604 0.1584 0.0811 0.2226
"TCGA.E1.A7Z2.01A.21R.A34R.07" 0.0032 0.0033 0.0033 0.0943 0.0938 0.0848 0.2808 0.4363
"TCGA.E1.A7Z3.01A.11R.A34R.07" 0.0679 0.0704 0.0704 0.157 0.1603 0.147 0.1007 0.2263
"TCGA.E1.A7Z4.01A.11R.A34R.07" 0.0684 0.0725 0.0711 0.2172 0.2051 0.1919 0.0697 0.104
"TCGA.E1.A7Z6.01A.11R.A34R.07" 0.0309 0.0332 0.0314 0.2006 0.203 0.1775 0.1386 0.1848
"TCGA.EZ.7264.01A.11R.2027.07" 0.0227 0.0258 0.026 0.1925 0.1894 0.2035 0.0988 0.2413
"TCGA.F6.A8O3.01A.11R.A36H.07" 0.023 0.0263 0.026 0.1727 0.163 0.181 0.1116 0.2963
"TCGA.F6.A8O4.01A.11R.A36H.07" 0.0012 0.0014 0.0014 0.2141 0.1988 0.1931 0.1128 0.2772
"TCGA.FG.5962.01B.11R.1896.07" 0.0233 0.0241 0.0244 0.2214 0.2201 0.226 0.0712 0.1895
"TCGA.FG.5963.01A.11R.1708.07" 0.1941 0.1959 0.1962 0.0172 0.017 0.017 0.1273 0.2353
"TCGA.FG.5963.02A.12R.A29R.07" 0.0911 0.1075 0.0908 0.1577 0.1421 0.1741 0.1915 0.0452
"TCGA.FG.5964.01A.11R.1708.07" 0.0946 0.0971 0.0975 0.1877 0.1814 0.1836 0.0354 0.1227
"TCGA.FG.5965.01B.11R.1896.07" 0.0575 0.062 0.0597 0.226 0.2378 0.211 0.0781 0.0679
"TCGA.FG.5965.02B.11R.A29R.07" 0.057 0.0584 0.0587 0.1351 0.1318 0.1308 0.1283 0.2998
"TCGA.FG.6688.01A.11R.1896.07" 0.0594 0.0597 0.0594 0.1147 0.1132 0.1126 0.188 0.2929
"TCGA.FG.6689.01A.11R.1896.07" 0.106 0.1074 0.1085 0.1652 0.1605 0.1589 0.0663 0.1271
"TCGA.FG.6690.01A.11R.1896.07" 0.0852 0.0945 0.087 0.217 0.2019 0.2263 0.07 0.0181
"TCGA.FG.6691.01A.11R.1896.07" 0.2038 0.2154 0.2088 0.1024 0.1066 0.0947 0.0683 0
"TCGA.FG.6692.01A.11R.1896.07" 0.0274 0.029 0.0281 0.1454 0.1387 0.1531 0.0623 0.4159
"TCGA.FG.7634.01A.11R.2090.07" 0.137 0.1355 0.1348 0.1429 0.1463 0.1403 0.0934 0.0697
"TCGA.FG.7636.01A.11R.2090.07" 0.0319 0.0328 0.0331 0.2613 0.2434 0.277 0.0658 0.0547
"TCGA.FG.7637.01A.11R.2090.07" 0.0218 0.0239 0.0253 0.2182 0.2045 0.232 0.1289 0.1454
"TCGA.FG.7638.01B.12R.2090.07" 0.0198 0.0203 0.0199 0.2445 0.2339 0.2385 0.0875 0.1357
"TCGA.FG.7641.01B.11R.2256.07" 0.02 0.0198 0.0196 0.261 0.254 0.2525 0.1104 0.0628
"TCGA.FG.7643.01A.11R.2090.07" 0.0611 0.0614 0.0615 0.1636 0.1614 0.162 0.2001 0.1289
"TCGA.FG.8181.01A.11R.2256.07" 0.0453 0.0505 0.0476 0.2481 0.235 0.2271 0.063 0.0835
"TCGA.FG.8182.01A.11R.2256.07" 0.0702 0.0694 0.0692 0.1505 0.1465 0.1458 0.1342 0.2142
"TCGA.FG.8185.01A.11R.2256.07" 0.0345 0.0379 0.0385 0.2265 0.2041 0.208 0.0724 0.1781
"TCGA.FG.8186.01A.11R.2256.07" 0.0722 0.073 0.0754 0.1826 0.1852 0.1687 0.1402 0.1028
"TCGA.FG.8187.01A.11R.2256.07" 0.0932 0.0932 0.0932 0.0898 0.0905 0.0894 0.1997 0.2511
"TCGA.FG.8188.01A.11R.2256.07" 0.0777 0.0789 0.0782 0.1729 0.1695 0.1582 0.1492 0.1154
"TCGA.FG.8189.01B.11R.A28M.07" 0.066 0.0612 0.0626 0.1902 0.1818 0.1751 0.0693 0.1938
"TCGA.FG.8191.01A.11R.2256.07" 0.0212 0.0213 0.0214 0.2642 0.2612 0.2672 0.0581 0.0855
"TCGA.FG.A4MT.01A.11R.A26U.07" 0.0644 0.0737 0.0702 0.1401 0.1308 0.1509 0.1185 0.2514
"TCGA.FG.A4MT.02A.11R.A29R.07" 0.0943 0.1034 0.1009 0.1905 0.1788 0.1731 0.0612 0.0979
"TCGA.FG.A4MU.01B.11R.A28M.07" 0.0709 0.0796 0.0853 0.0926 0.0977 0.0883 0.0747 0.4109
"TCGA.FG.A4MW.01A.11R.A26U.07" 0.0229 0.0233 0.0233 0.0879 0.0852 0.0855 0.1447 0.5272
"TCGA.FG.A4MX.01A.11R.A26U.07" 0.0515 0.0564 0.0577 0.1728 0.1634 0.1606 0.0582 0.2795
"TCGA.FG.A4MY.01A.11R.A26U.07" 0.0234 0.0234 0.0236 0.2249 0.2205 0.2186 0.1196 0.146
"TCGA.FG.A60J.01A.11R.A28M.07" 0.0255 0.0262 0.0256 0.235 0.2405 0.2298 0.1174 0.1
"TCGA.FG.A60K.01A.11R.A29R.07" 0.0196 0.0193 0.0189 0.2959 0.3008 0.265 0.052 0.0285
"TCGA.FG.A60L.01A.12R.A31N.07" 0.0544 0.0555 0.0552 0.1519 0.1462 0.1564 0.0879 0.2924
"TCGA.FG.A6IZ.01A.11R.A31N.07" 0.0203 0.0227 0.0226 0.1138 0.1087 0.1241 0.1402 0.4476
"TCGA.FG.A6J1.01A.11R.A31N.07" 0.013 0.0145 0.0142 0.2213 0.2072 0.2351 0.0538 0.2408
"TCGA.FG.A6J3.01A.11R.A31N.07" 0.0538 0.0543 0.0545 0.1575 0.1527 0.1519 0.0566 0.3186
"TCGA.FG.A70Y.01A.12R.A34R.07" 0.0651 0.0664 0.0659 0.1752 0.1782 0.1713 0.1521 0.1258
"TCGA.FG.A70Z.01A.12R.A33Z.07" 0.0954 0.1114 0.1152 0.0971 0.1025 0.0917 0.0651 0.3216
"TCGA.FG.A710.01A.12R.A33Z.07" 0.0755 0.0814 0.0811 0.1442 0.1553 0.1438 0.0262 0.2926
"TCGA.FG.A711.01A.21R.A33Z.07" 0.0247 0.0253 0.0255 0.2047 0.1882 0.1857 0.0996 0.2463
"TCGA.FG.A713.01A.11R.A32Q.07" 0.0113 0.0114 0.0115 0.2719 0.2677 0.2647 0.0931 0.0684
"TCGA.FG.A87N.01A.11R.A36H.07" 0.0512 0.0585 0.0601 0.216 0.1986 0.1912 0.0802 0.1442
"TCGA.FG.A87Q.01A.11R.A36H.07" 0.1877 0.1893 0.1889 4e-04 4e-04 4e-04 0.1507 0.2821
"TCGA.FN.7833.01A.11R.2090.07" 0.178 0.1864 0.1825 0.0745 0.0777 0.0712 0.0862 0.1434
"TCGA.HT.7467.01A.11R.2027.07" 0.0328 0.0328 0.0328 0.1836 0.1827 0.1821 0.1765 0.1766
"TCGA.HT.7468.01A.11R.2027.07" 0.021 0.0236 0.0234 0.2343 0.2203 0.2482 0.0951 0.1339
"TCGA.HT.7469.01A.11R.2256.07" 0 0 0 0.2712 0.2851 0.2484 0.0605 0.1347
"TCGA.HT.7470.01A.12R.2090.07" 0.0192 0.0198 0.0197 0.2566 0.2634 0.2369 0.1324 0.052
"TCGA.HT.7471.01A.11R.2256.07" 0.1206 0.1369 0.1362 0.1414 0.1323 0.1445 0.0345 0.1535
"TCGA.HT.7472.01A.11R.2027.07" 0.1131 0.1179 0.1152 0.1743 0.1704 0.1681 0.0677 0.0733
"TCGA.HT.7473.01A.11R.2027.07" 0.2325 0.2631 0.2462 0.0357 0.0367 0.0327 0.0582 0.0948
"TCGA.HT.7474.01A.11R.2027.07" 0.0126 0.0128 0.0127 0.2505 0.2471 0.2443 0.1291 0.0909
"TCGA.HT.7475.01A.11R.2027.07" 0.0011 0.0011 0.0011 0.2719 0.2578 0.2985 0.1204 0.0481
"TCGA.HT.7476.01A.11R.2027.07" 0.0507 0.0581 0.0547 0.2072 0.194 0.1904 0.081 0.1639
"TCGA.HT.7477.01B.11R.A28M.07" 0.0761 0.0774 0.0778 0.1256 0.1223 0.1148 0.1046 0.3014
"TCGA.HT.7478.01A.11R.2027.07" 0.1467 0.1509 0.1489 0.1475 0.1509 0.1514 4e-04 0.1033
"TCGA.HT.7479.01A.11R.2027.07" 0.0709 0.0713 0.0711 0.1883 0.1896 0.1871 0.0993 0.1224
"TCGA.HT.7480.01A.11R.2090.07" 0.0204 0.02 0.0197 0.2633 0.2562 0.273 0.1256 0.0217
"TCGA.HT.7481.01A.11R.2027.07" 0.0215 0.0217 0.0217 0.2194 0.2226 0.2186 0.2089 0.0657
"TCGA.HT.7482.01A.11R.2027.07" 0.0489 0.0493 0.0491 0.2171 0.2206 0.2147 0.1033 0.0971
"TCGA.HT.7483.01A.11R.2027.07" 0.0211 0.0246 0.0227 0.2721 0.2838 0.261 0.0337 0.081
"TCGA.HT.7485.01A.11R.2027.07" 0.0361 0.0381 0.0372 0.1982 0.1943 0.1786 0.1216 0.1959
"TCGA.HT.7601.01A.11R.2090.07" 0.2727 0.2781 0.275 0.0044 0.0044 0.0043 0.0628 0.0983
"TCGA.HT.7602.01A.21R.2090.07" 0.0604 0.0604 0.0604 0.0779 0.0781 0.0775 0.1928 0.3924
"TCGA.HT.7603.01A.21R.2090.07" 0.0447 0.0484 0.048 0.201 0.1959 0.1883 0.0961 0.1775
"TCGA.HT.7604.01A.11R.2090.07" 0.0445 0.0458 0.0498 0.2051 0.1819 0.1862 0.1142 0.1726
"TCGA.HT.7605.01A.11R.2090.07" 0.0237 0.0242 0.0239 0.2216 0.2186 0.2173 0.1542 0.1165
"TCGA.HT.7606.01A.11R.2090.07" 0.0537 0.0604 0.0576 0.1452 0.1307 0.1334 0.1218 0.2972
"TCGA.HT.7607.01A.11R.2090.07" 0.0615 0.0633 0.0619 0.1825 0.177 0.1668 0.0972 0.1897
"TCGA.HT.7608.01A.11R.2090.07" 0.0217 0.0223 0.022 0.2614 0.2694 0.237 0.1098 0.0563
"TCGA.HT.7609.01A.11R.2090.07" 0.0714 0.0742 0.0799 0.1941 0.1815 0.2029 0.0722 0.1239
"TCGA.HT.7610.01A.21R.2090.07" 0.0612 0.0591 0.0586 0.2017 0.2175 0.1962 0.0988 0.107
"TCGA.HT.7611.01A.11R.2403.07" 0.0437 0.0455 0.0442 0.1613 0.1566 0.1459 0.1434 0.2593
"TCGA.HT.7616.01A.11R.2256.07" 0.1416 0.1449 0.1505 0.1697 0.1511 0.1523 0.0417 0.0483
"TCGA.HT.7620.01A.11R.2256.07" 0.0032 0.0032 0.0032 0.088 0.088 0.0872 0.2319 0.4951
"TCGA.HT.7676.01A.11R.2403.07" 0.0921 0.0975 0.0949 0.1646 0.1533 0.1732 0.0518 0.1725
"TCGA.HT.7677.01A.11R.2256.07" 0.0043 0.0042 0.0042 0.2873 0.2852 0.2704 0.102 0.0424
"TCGA.HT.7680.01A.11R.2256.07" 0.0938 0.0978 0.0962 0.2232 0.2274 0.2061 0.0555 0
"TCGA.HT.7681.01A.11R.2403.07" 0.0529 0.0555 0.0541 0.2047 0.1911 0.1878 0.0945 0.1594
"TCGA.HT.7684.01A.11R.2256.07" 0.0368 0.0373 0.0372 0.2211 0.2328 0.2327 0.0466 0.1555
"TCGA.HT.7686.01A.11R.2256.07" 0.2382 0.2507 0.2454 0.0588 0.0561 0.0586 0.0308 0.0615
"TCGA.HT.7687.01A.11R.2256.07" 0.0529 0.0517 0.0519 0.2288 0.2219 0.2381 0.0843 0.0704
"TCGA.HT.7688.01A.11R.2256.07" 0.0545 0.0524 0.0526 0.2205 0.2146 0.2026 0.0733 0.1295
"TCGA.HT.7689.01A.11R.2256.07" 0.0267 0.0272 0.0268 0.1884 0.1921 0.1753 0.1796 0.1839
"TCGA.HT.7690.01A.11R.2256.07" 0.1612 0.1705 0.1675 0.1088 0.1049 0.1042 0.0418 0.141
"TCGA.HT.7691.01A.11R.2256.07" 0.0769 0.0794 0.0777 0.2119 0.2147 0.1918 0.0516 0.0959
"TCGA.HT.7692.01A.12R.2256.07" 0.0239 0.0251 0.0246 0.2307 0.2321 0.2092 0.0983 0.1561
"TCGA.HT.7693.01A.11R.2256.07" 0.094 0.0918 0.0936 0.1661 0.1698 0.1552 0.0723 0.1572
"TCGA.HT.7694.01A.11R.2256.07" 0.0312 0.0315 0.0318 0.234 0.2304 0.2277 0.152 0.0615
"TCGA.HT.7695.01A.11R.2256.07" 0.0238 0.0234 0.0231 0.2046 0.2213 0.2061 0.1147 0.1832
"TCGA.HT.7854.01A.11R.2256.07" 0.2248 0.2307 0.2257 0.0212 0.0218 0.0195 0.1515 0.1047
"TCGA.HT.7855.01A.11R.2403.07" 0.018 0.02 0.0215 0.29 0.2553 0.2696 0.0695 0.0562
"TCGA.HT.7856.01A.11R.2403.07" 0.034 0.0336 0.0336 0.2231 0.2203 0.2078 0.1513 0.0963
"TCGA.HT.7857.01A.11R.2403.07" 0.3328 0.3235 0.323 0.007 0.0068 0.0068 0 0
"TCGA.HT.7858.01A.11R.2403.07" 0.0945 0.096 0.0952 0.1582 0.1542 0.1537 0.0573 0.1908
"TCGA.HT.7860.01A.11R.2403.07" 0.1957 0.2201 0.2002 0.0498 0.0528 0.0464 0.1541 0.0809
"TCGA.HT.7873.01B.11R.2403.07" 0.0453 0.0444 0.0444 0.146 0.148 0.1346 0.2443 0.193
"TCGA.HT.7874.01A.11R.2403.07" 0.0175 0.0178 0.018 0.2406 0.236 0.2326 0.1775 0.0601
"TCGA.HT.7875.01A.11R.2403.07" 0.0129 0.0145 0.0144 0.2192 0.206 0.2309 0.1247 0.1773
"TCGA.HT.7877.01A.11R.2403.07" 0.0365 0.0356 0.0357 0.2218 0.2197 0.2056 0.1822 0.0628
"TCGA.HT.7879.01A.11R.2403.07" 0.1044 0.107 0.1079 0.1105 0.108 0.107 0.2059 0.1493
"TCGA.HT.7880.01A.11R.2403.07" 0.0292 0.0292 0.0292 0.2294 0.2271 0.2256 0.1348 0.0957
"TCGA.HT.7881.01A.11R.2403.07" 0.0185 0.0185 0.0185 0.2353 0.2331 0.2316 0.106 0.1384
"TCGA.HT.7882.01A.11R.2403.07" 0.1944 0.141 0.1464 0.0927 0.0788 0.1918 0 0.1549
"TCGA.HT.7884.01B.11R.2403.07" 0.0347 0.0343 0.0342 0.1752 0.1714 0.1685 0.2955 0.0862
"TCGA.HT.7902.01A.12R.2403.07" 0.044 0.044 0.044 0.0838 0.0838 0.0833 0.234 0.3833
"TCGA.HT.8010.01A.11R.2403.07" 0.0374 0.0378 0.0383 0.2144 0.2098 0.2069 0.1931 0.0624
"TCGA.HT.8011.01A.11R.2403.07" 0.0616 0.0703 0.0744 0.13 0.122 0.1378 0.1301 0.2738
"TCGA.HT.8012.01A.11R.2403.07" 0.0474 0.0461 0.0465 0.1959 0.1829 0.1825 0.171 0.1276
"TCGA.HT.8013.01A.11R.2403.07" 0.1967 0.2025 0.199 0.0356 0.0344 0.0349 0.0875 0.2094
"TCGA.HT.8015.01B.11R.A28M.07" 0.1121 0.1162 0.1149 0.1159 0.1133 0.111 0.0937 0.2228
"TCGA.HT.8018.01A.11R.2404.07" 0.1441 0.1613 0.1471 0.1558 0.1415 0.142 0.0363 0.0718
"TCGA.HT.8019.01A.21R.2404.07" 0.0641 0.0661 0.0664 0.1501 0.1437 0.1384 0.1478 0.2235
"TCGA.HT.8104.01A.11R.2404.07" 0.0352 0.0369 0.0366 0.0834 0.0797 0.0755 0.2781 0.3745
"TCGA.HT.8105.01A.11R.2404.07" 0.0779 0.0829 0.0874 0.2217 0.2018 0.2045 0.0647 0.0591
"TCGA.HT.8106.01A.11R.2404.07" 0.2294 0.234 0.2318 0.0905 0.0889 0.089 0.0364 0
"TCGA.HT.8107.01A.13R.2404.07" 0.0671 0.0676 0.0683 0.1776 0.1751 0.1725 0.1947 0.0772
"TCGA.HT.8108.01A.11R.2404.07" 0.1987 0.2156 0.2267 0.0689 0.0665 0.063 0.0664 0.0942
"TCGA.HT.8109.01A.11R.2404.07" 0.0423 0.0441 0.043 0.1883 0.1919 0.1741 0.1657 0.1505
"TCGA.HT.8110.01A.11R.2404.07" 0.2028 0.213 0.2063 0.0915 0.0928 0.0896 0.104 0
"TCGA.HT.8111.01A.11R.2404.07" 0.1029 0.1043 0.1035 0.1444 0.1458 0.1329 0.1035 0.1626
"TCGA.HT.8113.01A.11R.2404.07" 0.0461 0.0472 0.0479 0.2118 0.2067 0.2049 0.1695 0.0658
"TCGA.HT.8114.01A.11R.2404.07" 0.1245 0.1369 0.1365 0.1865 0.1753 0.1628 0.04 0.0375
"TCGA.HT.8558.01A.21R.2404.07" 0.0581 0.0581 0.0581 0.1598 0.1583 0.1581 0.1497 0.1999
"TCGA.HT.8563.01A.11R.2404.07" 0.2677 0.3333 0.3274 0 0 0 0.0358 0.0359
"TCGA.HT.8564.01A.11R.2404.07" 0.0938 0.0977 0.0975 0.06 0.0651 0.0547 0.1363 0.395
"TCGA.HT.A4DS.01A.11R.A26U.07" 0.0939 0.1095 0.1108 0.0699 0.066 0.0675 0.0657 0.4166
"TCGA.HT.A4DV.01A.11R.A26U.07" 0.0567 0.0567 0.0567 0.1422 0.1412 0.1405 0.1277 0.2783
"TCGA.HT.A5R5.01A.11R.A28M.07" 0.0567 0.0588 0.058 0.2329 0.2245 0.2126 0.0223 0.1342
"TCGA.HT.A5R7.01A.11R.A28M.07" 0.0218 0.0223 0.0225 0.2551 0.25 0.2479 0.0881 0.0922
"TCGA.HT.A5R9.01A.11R.A28M.07" 0.041 0.045 0.0489 0.1391 0.133 0.152 0.1532 0.2877
"TCGA.HT.A5RA.01A.11R.A28M.07" 0.0771 0.0903 0.0851 0.0635 0.0606 0.0668 0.1391 0.4175
"TCGA.HT.A5RB.01A.11R.A28M.07" 0.0389 0.0417 0.0412 0.1701 0.1574 0.1564 0.1102 0.2841
"TCGA.HT.A5RC.01A.11R.A28M.07" 0.0841 0.092 0.0955 0.0461 0.0501 0.0436 0.1355 0.453
"TCGA.HT.A614.01A.11R.A29R.07" 0.0209 0.0213 0.0211 0.2439 0.2474 0.2372 0.1213 0.0868
"TCGA.HT.A615.01A.11R.A29R.07" 0.1574 0.1633 0.1575 0.0136 0.0134 0.0134 0.1432 0.3382
"TCGA.HT.A616.01A.11R.A29R.07" 0.0293 0.032 0.0306 0.2723 0.2566 0.2492 0.0752 0.0548
"TCGA.HT.A617.01A.11R.A29R.07" 0.0476 0.0496 0.0491 0.196 0.1882 0.1894 0.0823 0.1979
"TCGA.HT.A618.01A.11R.A29R.07" 0.2038 0.2104 0.2067 0.0676 0.0684 0.0664 0.0467 0.1301
"TCGA.HT.A619.01A.11R.A29R.07" 0.0946 0.0884 0.085 0.1544 0.1442 0.164 0.0732 0.1962
"TCGA.HT.A61A.01A.11R.A29R.07" 0.063 0.0636 0.0645 0.1655 0.1623 0.1595 0.1545 0.1673
"TCGA.HT.A61B.01A.11R.A29R.07" 0.2441 0.2784 0.2631 0.0196 0.0187 0.0199 0.0277 0.1285
"TCGA.HT.A61C.01A.11R.A29R.07" 0.0621 0.0715 0.0702 0.1319 0.1231 0.116 0.0756 0.3496
"TCGA.HT.A74H.01A.11R.A32Q.07" 0.0741 0.0746 0.0741 0.1376 0.1353 0.1337 0.11 0.2606
"TCGA.HT.A74J.01A.12R.A32Q.07" 0.0671 0.07 0.0683 0.1373 0.1307 0.1271 0.1168 0.2828
"TCGA.HT.A74K.01A.11R.A32Q.07" 0.0843 0.0857 0.0861 0.1513 0.1458 0.1484 0.107 0.1914
"TCGA.HT.A74L.01A.11R.A32Q.07" 0.0484 0.0476 0.047 0.2558 0.2498 0.2323 0.066 0.053
"TCGA.HT.A74O.01A.11R.A32Q.07" 0.1196 0.1249 0.1243 0.0862 0.0825 0.0836 0.0265 0.3524
"TCGA.HW.7486.01A.11R.2027.07" 0.0204 0.0204 0.0204 0.2158 0.2172 0.2154 0.1299 0.1608
"TCGA.HW.7487.01A.11R.2027.07" 0.0314 0.0309 0.0306 0.2518 0.2375 0.2318 0.1499 0.0363
"TCGA.HW.7489.01A.11R.2027.07" 0.0639 0.0699 0.0682 0.1785 0.1694 0.1638 0.088 0.1981
"TCGA.HW.7490.01A.11R.2027.07" 0.0287 0.0315 0.0315 0.2488 0.2289 0.2266 0.0814 0.1226
"TCGA.HW.7491.01A.11R.2027.07" 0.0295 0.0283 0.0284 0.2353 0.2242 0.2501 0.0707 0.1336
"TCGA.HW.7493.01A.11R.2027.07" 0.0445 0.0472 0.0455 0.2425 0.2486 0.224 0.1144 0.0335
"TCGA.HW.7495.01A.11R.2027.07" 0.02 0.0202 0.0202 0.2442 0.2423 0.2386 0.1507 0.0636
"TCGA.HW.8319.01A.11R.2404.07" 0.0592 0.0557 0.0564 0.1925 0.1842 0.1776 0.0865 0.1878
"TCGA.HW.8320.01A.11R.2404.07" 0.0239 0.0273 0.0259 0.2982 0.2778 0.276 0.0269 0.044
"TCGA.HW.8321.01A.11R.2404.07" 0.0723 0.0823 0.0804 0.2088 0.1983 0.2179 0.0402 0.0998
"TCGA.HW.8322.01A.11R.2404.07" 0.0462 0.0446 0.0443 0.2044 0.194 0.2179 0.1768 0.0719
"TCGA.HW.A5KJ.01A.12R.A27Q.07" 0.039 0.0426 0.0457 0.222 0.2195 0.2406 0.0604 0.1302
"TCGA.HW.A5KK.01A.11R.A27Q.07" 0.1894 0.1894 0.1894 0 0 0 0.1632 0.2685
"TCGA.HW.A5KL.01A.11R.A27Q.07" 0.0377 0.0388 0.0381 0.2237 0.2177 0.2294 0.1314 0.0833
"TCGA.HW.A5KM.01A.11R.A27Q.07" 0.2216 0.2357 0.2275 0.0363 0.0359 0.0368 0.0513 0.155
"TCGA.IK.7675.01A.11R.2090.07" 0.0037 0.0039 0.0041 0.2417 0.2604 0.2189 0.0983 0.1689
"TCGA.IK.8125.01A.11R.2256.07" 0.0363 0.0412 0.0407 0.221 0.2062 0.2327 0.1638 0.0581
"TCGA.KT.A74X.01A.11R.A32Q.07" 0.0293 0.0305 0.0308 0.2027 0.1923 0.2155 0.0844 0.2145
"TCGA.KT.A7W1.01A.11R.A34F.07" 0.0537 0.0596 0.0604 0.1461 0.1538 0.1356 0.0472 0.3435
"TCGA.P5.A5ET.01A.11R.A27Q.07" 0.0193 0.0196 0.0194 0.246 0.2418 0.2393 0.1248 0.0898
"TCGA.P5.A5EU.01A.11R.A27Q.07" 0.1489 0.1732 0.164 0.0702 0.0737 0.0667 0.0185 0.2849
"TCGA.P5.A5EV.01A.11R.A27Q.07" 0.0213 0.0234 0.0243 0.2314 0.2174 0.2534 0.0626 0.1663
"TCGA.P5.A5EW.01A.11R.A27Q.07" 0.0322 0.0341 0.033 0.199 0.2087 0.1884 0.0703 0.2341
"TCGA.P5.A5EX.01A.12R.A28M.07" 0.092 0.1026 0.1014 0.1526 0.1489 0.1605 0.054 0.188
"TCGA.P5.A5EY.01A.11R.A27Q.07" 0.1078 0.1092 0.1102 0.1145 0.1128 0.1025 0.0972 0.2458
"TCGA.P5.A5EZ.01A.11R.A27Q.07" 0.104 0.1053 0.1048 0.1172 0.1149 0.1147 0.0832 0.2559
"TCGA.P5.A5F0.01A.11R.A28M.07" 0.0353 0.0403 0.0399 0.1804 0.1942 0.1776 0.0896 0.2429
"TCGA.P5.A5F1.01A.11R.A28M.07" 0.0438 0.0501 0.0537 0.1761 0.1615 0.1541 0.0761 0.2847
"TCGA.P5.A5F2.01A.11R.A28M.07" 0.0894 0.0918 0.0901 0.1528 0.1446 0.1349 0.1327 0.1637
"TCGA.P5.A5F4.01A.11R.A28M.07" 0.0489 0.0517 0.0542 0.1773 0.1658 0.1641 0.077 0.2609
"TCGA.P5.A5F6.01A.11R.A28M.07" 0.0988 0.1097 0.1045 0.0692 0.0659 0.0634 0.1345 0.3539
"TCGA.P5.A72U.01A.31R.A32Q.07" 0.1027 0.1233 0.1246 0 0 0 0.1726 0.4769
"TCGA.P5.A72W.01A.11R.A32Q.07" 0.0683 0.0791 0.0749 0.0638 0.0569 0.0579 0.1166 0.4825
"TCGA.P5.A72X.01A.11R.A32Q.07" 0.0485 0.0504 0.049 0.1635 0.1594 0.1492 0.148 0.2319
"TCGA.P5.A72Z.01A.11R.A32Q.07" 0 0 0 0.2325 0.2189 0.2643 0.0564 0.2278
"TCGA.P5.A730.01A.11R.A32Q.07" 0.0211 0.0219 0.0219 0.245 0.2348 0.2501 0.1148 0.0905
"TCGA.P5.A731.01A.11R.A32Q.07" 0.0646 0.07 0.0703 0.1563 0.1466 0.1369 0.0742 0.281
"TCGA.P5.A733.01A.11R.A32Q.07" 0.0424 0.0458 0.0468 0.1971 0.177 0.1776 0.104 0.2093
"TCGA.P5.A735.01A.11R.A32Q.07" 0.0344 0.0359 0.035 0.1842 0.176 0.1953 0.0926 0.2466
"TCGA.P5.A736.01A.11R.A32Q.07" 0.1573 0.1607 0.1593 0.0721 0.0704 0.0661 0.0714 0.2424
"TCGA.P5.A737.01A.11R.A32Q.07" 0.013 0.0136 0.0132 0.2377 0.233 0.2594 0.0681 0.1621
"TCGA.P5.A77W.01A.11R.A32Q.07" 0.0245 0.0236 0.0238 0.1899 0.183 0.1996 0.115 0.2406
"TCGA.P5.A77X.01A.11R.A32Q.07" 0.0821 0.0805 0.0794 0.1049 0.0978 0.0949 0.1349 0.3255
"TCGA.P5.A780.01A.12R.A32Q.07" 0.0181 0.0185 0.0187 0.2564 0.2458 0.257 0.0904 0.095
"TCGA.P5.A781.01A.11R.A32Q.07" 0.0548 0.0556 0.0548 0.1581 0.1568 0.1519 0.1988 0.1692
"TCGA.QH.A65R.01A.21R.A31N.07" 0.0114 0.0129 0.0134 0.2243 0.2166 0.2433 0.0718 0.2063
"TCGA.QH.A65S.01A.11R.A29R.07" 0.0535 0.0535 0.0535 0.1688 0.1708 0.1676 0.1009 0.2314
"TCGA.QH.A65V.01A.11R.A29R.07" 0.0159 0.0161 0.016 0.2326 0.2295 0.2302 0.0653 0.1943
"TCGA.QH.A65X.01A.11R.A32Q.07" 0.0607 0.0669 0.0658 0.163 0.1548 0.1697 0.0489 0.2701
"TCGA.QH.A65Z.01A.11R.A29R.07" 0.0272 0.0283 0.0282 0.2047 0.2017 0.2109 0.1792 0.1198
"TCGA.QH.A6CS.01A.11R.A31N.07" 0.0858 0.0858 0.0858 0.0496 0.0491 0.0488 0.1985 0.3965
"TCGA.QH.A6CU.01A.11R.A31N.07" 0.0252 0.0252 0.0252 0.2248 0.2238 0.226 0.0718 0.1782
"TCGA.QH.A6CV.01A.11R.A31N.07" 0.0704 0.0689 0.0686 0.0498 0.0451 0.0453 0.1186 0.5334
"TCGA.QH.A6CW.01A.11R.A32Q.07" 0.049 0.0507 0.0514 0.2062 0.1957 0.1865 0.054 0.2065
"TCGA.QH.A6CX.01A.11R.A32Q.07" 0.038 0.0381 0.038 0.1142 0.1123 0.1156 0.1267 0.4171
"TCGA.QH.A6CY.01A.11R.A32Q.07" 0.0258 0.026 0.0262 0.229 0.2255 0.2249 0.1593 0.0833
"TCGA.QH.A6CZ.01A.11R.A32Q.07" 0.0337 0.0312 0.0299 0.2474 0.2619 0.2397 0.062 0.0942
"TCGA.QH.A6X3.01A.21R.A32Q.07" 0.0292 0.0307 0.0329 0.2684 0.2554 0.2378 0.0414 0.1041
"TCGA.QH.A6X4.01A.51R.A32Q.07" 0.0454 0.0463 0.0464 0.1816 0.1772 0.176 0.1463 0.1809
"TCGA.QH.A6X5.01A.12R.A32Q.07" 0.0196 0.0196 0.0196 0.2092 0.2072 0.207 0.1788 0.1389
"TCGA.QH.A6X8.01A.12R.A32Q.07" 0.0375 0.0382 0.0384 0.194 0.1991 0.1931 0.1138 0.1861
"TCGA.QH.A6X9.01A.12R.A32Q.07" 0.0411 0.0466 0.0463 0.2294 0.2087 0.2028 0.0726 0.1524
"TCGA.QH.A6XA.01A.12R.A32Q.07" 0.0248 0.0254 0.0251 0.2604 0.2564 0.2385 0.0922 0.0771
"TCGA.QH.A6XC.01A.12R.A32Q.07" 0.0466 0.048 0.0477 0.1287 0.1238 0.124 0.1005 0.3807
"TCGA.QH.A86X.01A.11R.A36H.07" 0.0339 0.0333 0.0326 0.2388 0.2247 0.2478 0.0961 0.0928
"TCGA.QH.A870.01A.11R.A36H.07" 0.0492 0.0473 0.0471 0.164 0.1649 0.1462 0.15 0.2314
"TCGA.R8.A6MK.01A.11R.A32Q.07" 0.0425 0.0439 0.0427 0.2239 0.222 0.2187 0.0784 0.128
"TCGA.R8.A6ML.01A.11R.A32Q.07" 0.0165 0.0171 0.0172 0.2788 0.2632 0.2893 0.0587 0.0592
"TCGA.R8.A6MO.01A.11R.A33Z.07" 0.0374 0.0377 0.0377 0.2245 0.2207 0.2183 0.0686 0.1551
"TCGA.R8.A6YH.01A.21R.A32Q.07" 0.0162 0.0183 0.0178 0.2403 0.2221 0.2148 0.0731 0.1975
"TCGA.R8.A73M.01A.11R.A32Q.07" 0.0467 0.0484 0.0483 0.0746 0.0711 0.0812 0.1644 0.4653
"TCGA.RY.A83X.01A.11R.A36H.07" 0.0226 0.023 0.0227 0.2355 0.2345 0.2402 0.1339 0.0875
"TCGA.RY.A83Y.01A.11R.A36H.07" 0.046 0.0502 0.0498 0.2034 0.1947 0.2193 0.0577 0.1788
"TCGA.RY.A83Z.01A.11R.A36H.07" 0.0404 0.0455 0.0436 0.2016 0.1881 0.2152 0.0401 0.2255
"TCGA.RY.A840.01A.11R.A36H.07" 0.081 0.0898 0.088 0.0477 0.0461 0.0467 0.134 0.4667
"TCGA.RY.A843.01A.11R.A36H.07" 0.0755 0.0776 0.0789 0.2084 0.1941 0.1918 0.0642 0.1096
"TCGA.RY.A845.01A.11R.A36H.07" 0.0287 0.0302 0.0318 0.2526 0.239 0.2246 0.0881 0.105
"TCGA.RY.A847.01A.11R.A36H.07" 0.0964 0.0991 0.0975 0.1755 0.1777 0.173 0.0537 0.1272
"TCGA.S9.A6TS.01A.12R.A33Z.07" 0.0853 0.0933 0.092 0.1095 0.097 0.0999 0.0767 0.3463
"TCGA.S9.A6TU.01A.12R.A32Q.07" 0.1669 0.172 0.1692 0.046 0.0449 0.0468 0.0821 0.2721
"TCGA.S9.A6TV.01A.12R.A34R.07" 0.1949 0.219 0.2158 0.0392 0.0373 0.0358 0.0167 0.2413
"TCGA.S9.A6TW.01A.12R.A32Q.07" 0.0674 0.0745 0.073 0.1663 0.1535 0.1727 0.0929 0.1998
"TCGA.S9.A6TX.01A.21R.A32Q.07" 0.0346 0.0348 0.0349 0.2079 0.2034 0.2042 0.1311 0.1491
"TCGA.S9.A6TY.01A.12R.A32Q.07" 0.0271 0.0264 0.0263 0.2329 0.2274 0.2452 0.1377 0.077
"TCGA.S9.A6TZ.01A.21R.A32Q.07" 0.1057 0.1084 0.1096 0.1822 0.1685 0.1631 0.0821 0.0805
"TCGA.S9.A6U0.01A.12R.A32Q.07" 0.2077 0.2269 0.2325 0.0216 0.021 0.0203 0.0696 0.2003
"TCGA.S9.A6U1.01A.21R.A33Z.07" 0.0548 0.0563 0.0555 0.2199 0.2226 0.2036 0.0601 0.1271
"TCGA.S9.A6U2.01A.21R.A33Z.07" 0.0286 0.0298 0.0302 0.2549 0.2523 0.2504 0.1063 0.0474
"TCGA.S9.A6U5.01A.12R.A33Z.07" 0.0486 0.0495 0.05 0.1925 0.2078 0.19 0.0436 0.2179
"TCGA.S9.A6U6.01A.12R.A33Z.07" 0.0381 0.0401 0.0389 0.2577 0.2426 0.225 0.0594 0.0982
"TCGA.S9.A6U8.01A.21R.A33Z.07" 0.1491 0.1507 0.1499 0.1115 0.1126 0.1098 0.1163 0.1
"TCGA.S9.A6U9.01A.11R.A32Q.07" 0.1092 0.1101 0.1099 0.0879 0.0871 0.0858 0.2065 0.2035
"TCGA.S9.A6UA.01A.12R.A33Z.07" 0.1975 0.2143 0.2275 0.1063 0.1023 0.1021 0.0314 0.0187
"TCGA.S9.A6UB.01A.21R.A33Z.07" 0.0212 0.0208 0.0207 0.2485 0.2435 0.268 0.0986 0.0787
"TCGA.S9.A6WD.01A.12R.A33Z.07" 0.0531 0.0546 0.0535 0.166 0.1593 0.1626 0.1552 0.1957
"TCGA.S9.A6WE.01A.12R.A33Z.07" 0 0 0 0.3314 0.3048 0.3004 0.0238 0.0396
"TCGA.S9.A6WG.01A.11R.A33Z.07" 0.2173 0.2199 0.2234 0.0634 0.062 0.0582 0.0431 0.1126
"TCGA.S9.A6WH.01A.12R.A33Z.07" 0.0513 0.0586 0.0578 0.1715 0.1643 0.1849 0.0925 0.2191
"TCGA.S9.A6WI.01A.21R.A33Z.07" 0.0215 0.0216 0.0216 0.2354 0.2322 0.2318 0.103 0.1329
"TCGA.S9.A6WL.01A.21R.A33Z.07" 0.0585 0.0675 0.0669 0.1685 0.1873 0.166 0.0867 0.1986
"TCGA.S9.A6WM.01A.12R.A33Z.07" 0.0752 0.0836 0.0796 0.0778 0.0735 0.0858 0.0985 0.4259
"TCGA.S9.A6WN.01A.12R.A33Z.07" 0.0967 0.1076 0.099 0.1885 0.2085 0.1788 0.0465 0.0744
"TCGA.S9.A6WO.01A.21R.A34F.07" 0.1356 0.1444 0.1437 0.0996 0.0929 0.1049 0.083 0.1959
"TCGA.S9.A6WP.01A.12R.A34F.07" 0.1621 0.1648 0.1656 0.083 0.0814 0.0837 0.1142 0.1452
"TCGA.S9.A6WQ.01A.12R.A34F.07" 0.1663 0.1663 0.1663 0.0943 0.0931 0.0937 0.0341 0.1857
"TCGA.S9.A7IQ.01A.21R.A34F.07" 0.0642 0.0664 0.0666 0.1521 0.147 0.1394 0.0978 0.2666
"TCGA.S9.A7IS.01A.11R.A34F.07" 0 0 0 0.2978 0.3015 0.2643 0.0489 0.0876
"TCGA.S9.A7IX.01A.12R.A34F.07" 0.2221 0.2312 0.2273 0.0411 0.0394 0.0396 0.0705 0.1289
"TCGA.S9.A7IY.01A.11R.A34F.07" 0.039 0.04 0.0402 0.1717 0.1686 0.1748 0.145 0.2208
"TCGA.S9.A7IZ.01A.11R.A34F.07" 0.1042 0.1154 0.1057 0.1633 0.1715 0.1525 0.0658 0.1217
"TCGA.S9.A7J0.01A.11R.A34F.07" 0.0237 0.0261 0.0251 0.0741 0.0815 0.0717 0.2106 0.4872
"TCGA.S9.A7J1.01A.21R.A34R.07" 0.0254 0.0259 0.0261 0.2025 0.2006 0.2057 0.1742 0.1396
"TCGA.S9.A7J2.01A.11R.A34F.07" 0.0322 0.0331 0.0332 0.2044 0.1926 0.2186 0.0942 0.1918
"TCGA.S9.A7J3.01A.21R.A34R.07" 0.0423 0.0434 0.0434 0.2238 0.2209 0.2055 0.1364 0.0844
"TCGA.S9.A7QW.01A.11R.A34F.07" 0.0134 0.0142 0.0149 0.2102 0.1982 0.2298 0.0934 0.2258
"TCGA.S9.A7QX.01A.11R.A34F.07" 0.1978 0.2052 0.207 0.0396 0.0375 0.0419 0.0743 0.1967
"TCGA.S9.A7QY.01A.11R.A34F.07" 0.0273 0.0275 0.0276 0.2055 0.203 0.2011 0.1699 0.1382
"TCGA.S9.A7QZ.01A.12R.A34R.07" 0.0248 0.0243 0.0244 0.2399 0.2327 0.2567 0.1386 0.0586
"TCGA.S9.A7R1.01A.12R.A34R.07" 0.041 0.0442 0.0426 0.2208 0.2067 0.2311 0.1119 0.1017
"TCGA.S9.A7R2.01A.21R.A34R.07" 0.2024 0.2036 0.2024 0.065 0.0642 0.0658 0.1031 0.0935
"TCGA.S9.A7R3.01A.11R.A34R.07" 0.0519 0.0526 0.0523 0.2229 0.2186 0.2264 0.1065 0.0687
"TCGA.S9.A7R4.01A.12R.A34R.07" 0.1575 0.1676 0.1609 0.1405 0.132 0.1485 0.0311 0.0618
"TCGA.S9.A7R7.01A.11R.A34R.07" 0.273 0.2938 0.28 0 0 0 0.0697 0.0835
"TCGA.S9.A7R8.01A.11R.A34R.07" 0.1575 0.1608 0.1617 0.0764 0.0741 0.0778 0.1228 0.1688
