"CD4_na" "CD4_cenm" "CD4_efm" "CD8_na" "CD8_cenm" "CD8_efm" "Treg" "T gamma delta"
"TCGA.2V.A95S.01A.11R.A37K.07" 0.2222 0.2222 0.2222 0.0279 0.0277 0.0321 0.0834 0.1624
"TCGA.2Y.A9GS.01A.12R.A38B.07" 0.0273 0.0312 0.0307 0.1301 0.1257 0.1115 0.3288 0.2147
"TCGA.2Y.A9GT.01A.11R.A38B.07" 0.2123 0.2438 0.2507 0.0309 0.0308 0.0267 0.0614 0.1434
"TCGA.2Y.A9GU.01A.11R.A38B.07" 0 0 0 0.2485 0.251 0.2171 0.2015 0.0819
"TCGA.2Y.A9GV.01A.11R.A38B.07" 0.0705 0.0866 0.0818 0.1475 0.1485 0.1268 0.1183 0.2201
"TCGA.2Y.A9GW.01A.11R.A38B.07" 0.136 0.1537 0.1573 0.0633 0.0642 0.0727 0.0999 0.2528
"TCGA.2Y.A9GX.01A.11R.A38B.07" 0.1926 0.1989 0.2006 0.0959 0.0935 0.0818 0.0608 0.076
"TCGA.2Y.A9GY.01A.11R.A38B.07" 0.1921 0.2018 0.2091 0.067 0.0578 0.0582 0 0.2139
"TCGA.2Y.A9GZ.01A.11R.A39D.07" 0 0 0 0.2185 0.2208 0.1881 0.2398 0.1328
"TCGA.2Y.A9H0.01A.11R.A38B.07" 0.0914 0.1183 0.1031 0.0913 0.0897 0.0777 0.0756 0.353
"TCGA.2Y.A9H1.01A.11R.A38B.07" 0.073 0.073 0.073 0.0601 0.0601 0.0701 0.2077 0.383
"TCGA.2Y.A9H2.01A.12R.A38B.07" 0.0779 0.1092 0.0912 0.0929 0.0878 0.0968 0.2694 0.1748
"TCGA.2Y.A9H3.01A.11R.A38B.07" 0.0728 0.0728 0.0728 0.0547 0.0546 0.0639 0.1576 0.4509
"TCGA.2Y.A9H4.01A.11R.A38B.07" 0.0157 0.0168 0.0161 0.1262 0.1268 0.1459 0.3617 0.1908
"TCGA.2Y.A9H5.01A.11R.A38B.07" 0.0236 0.0259 0.0257 0.1762 0.1664 0.1589 0.2871 0.1363
"TCGA.2Y.A9H6.01A.11R.A39D.07" 0.1261 0.1291 0.1291 0.0478 0.0473 0.041 0.1608 0.319
"TCGA.2Y.A9H7.01A.11R.A39D.07" 0.1093 0.1233 0.1227 0.0798 0.0788 0.0911 0.2594 0.1356
"TCGA.2Y.A9H8.01A.11R.A39D.07" 0.0551 0.0874 0.0804 0.0724 0.0726 0.0687 0.1046 0.4588
"TCGA.2Y.A9H9.01A.21R.A39D.07" 0.0144 0.0149 0.015 0.1982 0.1969 0.1696 0.2953 0.0957
"TCGA.2Y.A9HA.01A.11R.A39D.07" 0.0307 0.0322 0.0317 0.1065 0.1094 0.1145 0.4572 0.1178
"TCGA.2Y.A9HB.01A.11R.A39D.07" 0.0763 0.0785 0.0775 0.1636 0.1606 0.1398 0.1236 0.1802
"TCGA.3K.AAZ8.01A.12R.A39D.07" 0.0736 0.0754 0.0743 0.1247 0.122 0.1066 0.2675 0.1558
"TCGA.4R.AA8I.01A.11R.A38B.07" 0.0226 0.0255 0.0257 0.1844 0.1811 0.1573 0.2349 0.1684
"TCGA.5C.A9VG.01A.11R.A37K.07" 0.044 0.05 0.0497 0.0976 0.0892 0.0971 0.2761 0.2964
"TCGA.5C.A9VH.01A.11R.A37K.07" 0.0278 0.0302 0.0302 0.0739 0.0715 0.0823 0.4222 0.262
"TCGA.5C.AAPD.01A.21R.A39D.07" 0.1212 0.1284 0.1326 0.0759 0.0741 0.0846 0.0287 0.3545
"TCGA.5R.AA1C.01A.11R.A41C.07" 0.0873 0.0845 0.0807 0.0921 0.0934 0.0794 0.1769 0.3057
"TCGA.5R.AA1D.01A.11R.A38B.07" 0.1003 0.1032 0.1022 0.0758 0.0733 0.0818 0.2949 0.1684
"TCGA.5R.AAAM.01A.12R.A41C.07" 0.0422 0.0444 0.0433 0.2177 0.2153 0.1863 0.1234 0.1273
"TCGA.BC.4072.01B.11R.A155.07" 0.0746 0.0746 0.0746 0.0764 0.077 0.0656 0.2006 0.3566
"TCGA.BC.4073.01B.02R.A131.07" 0.0988 0.1018 0.1003 0.127 0.1309 0.1434 0.1021 0.1956
"TCGA.BC.A10Q.11A.11R.A131.07" 0.0079 0.0081 0.008 0.2405 0.2405 0.2055 0.2024 0.087
"TCGA.BC.A10Q.01A.11R.A131.07" 0.0625 0.0668 0.0641 0.0917 0.0831 0.0824 0.2306 0.3188
"TCGA.BC.A10R.11A.11R.A131.07" 0.1057 0.1102 0.1088 0.0873 0.0877 0.0749 0.1259 0.2995
"TCGA.BC.A10R.01A.11R.A131.07" 0 0 0 0.2163 0.2105 0.183 0.2777 0.1124
"TCGA.BC.A10S.01A.22R.A131.07" 0.0746 0.0772 0.0778 0.0828 0.0823 0.0951 0.2043 0.3058
"TCGA.BC.A10T.11A.11R.A131.07" 0.0784 0.0793 0.079 0.1292 0.1292 0.1103 0.1407 0.2538
"TCGA.BC.A10T.01A.11R.A131.07" 0.0065 0.0067 0.0066 0.1317 0.1293 0.1145 0.2524 0.3523
"TCGA.BC.A10U.11A.11R.A131.07" 0.0873 0.0901 0.0889 0.1026 0.1031 0.0878 0.1418 0.2983
"TCGA.BC.A10U.01A.11R.A131.07" 0.0145 0.017 0.0165 0.1324 0.1293 0.1135 0.2849 0.2918
"TCGA.BC.A10W.11A.11R.A131.07" 0.074 0.0756 0.075 0.1853 0.1854 0.159 0.1538 0.092
"TCGA.BC.A10W.01A.11R.A131.07" 0.0477 0.0582 0.0559 0.1107 0.1122 0.0949 0.23 0.2903
"TCGA.BC.A10X.11A.11R.A131.07" 0.0976 0.1009 0.0997 0.0974 0.0971 0.0832 0.1851 0.2389
"TCGA.BC.A10X.01A.11R.A131.07" 0.0763 0.0776 0.0771 0.0701 0.0702 0.0602 0.2565 0.312
"TCGA.BC.A10Y.11A.11R.A131.07" 0.1307 0.1327 0.1319 0.0787 0.0785 0.0671 0.1367 0.2436
"TCGA.BC.A10Y.01A.11R.A131.07" 0.0764 0.0958 0.0896 0.0904 0.0895 0.0771 0.1743 0.3069
"TCGA.BC.A10Z.11A.11R.A131.07" 0 0 0 0.3129 0.3129 0.2668 0.074 0.0334
"TCGA.BC.A10Z.01A.11R.A131.07" 0.0123 0.0127 0.0124 0.261 0.2586 0.2218 0.1412 0.0799
"TCGA.BC.A110.11A.11R.A131.07" 0.0946 0.0981 0.0965 0.1032 0.1027 0.0884 0.1628 0.2536
"TCGA.BC.A110.01A.11R.A131.07" 0.1212 0.1261 0.1247 0.0821 0.0818 0.0704 0.1396 0.2541
"TCGA.BC.A112.01A.11R.A131.07" 0.0286 0.0292 0.0281 0.149 0.1436 0.1619 0.3883 0.0713
"TCGA.BC.A216.11A.11R.A155.07" 0.0572 0.0597 0.0587 0.1864 0.1864 0.1597 0.1486 0.1434
"TCGA.BC.A216.01A.11R.A155.07" 0.1024 0.1045 0.1054 0.0597 0.0599 0.0516 0.194 0.3226
"TCGA.BC.A217.01A.11R.A155.07" 0.1169 0.1209 0.1236 0.0841 0.0834 0.0719 0.0941 0.3052
"TCGA.BC.A3KF.01A.11R.A213.07" 0.0831 0.1035 0.0983 0.088 0.0842 0.0773 0.1718 0.2937
"TCGA.BC.A3KG.01A.11R.A213.07" 0.0015 0.0019 0.0018 0.163 0.162 0.1812 0.2208 0.2679
"TCGA.BC.A5W4.01A.11R.A28V.07" 0.049 0.0504 0.0508 0.1711 0.169 0.1685 0.0856 0.2555
"TCGA.BC.A69H.01A.11R.A311.07" 0.0489 0.0506 0.0512 0.0729 0.0709 0.0804 0.3022 0.3228
"TCGA.BC.A69I.01A.11R.A311.07" 0.0263 0.0273 0.0274 0.1752 0.173 0.1493 0.2515 0.1699
"TCGA.BC.A8YO.01A.11R.A37K.07" 0.1286 0.1308 0.1303 0.0566 0.057 0.0485 0.1247 0.3237
"TCGA.BD.A2L6.11A.21R.A213.07" 0.2396 0.237 0.236 0.0477 0.0479 0.0409 0.0335 0.1174
"TCGA.BD.A2L6.01A.11R.A213.07" 0.0753 0.0829 0.0839 0.0788 0.0777 0.0671 0.1215 0.4129
"TCGA.BD.A3EP.11A.12R.A22L.07" 0.1967 0.2 0.1988 0.091 0.0911 0.0781 0.0721 0.0721
"TCGA.BD.A3EP.01A.11R.A22L.07" 0.2002 0.2396 0.2364 0.0407 0.0404 0.047 0.0633 0.1324
"TCGA.BD.A3ER.01A.11R.A213.07" 0.0536 0.0613 0.0619 0.1463 0.1458 0.1255 0.1247 0.281
"TCGA.BW.A5NO.01A.11R.A27V.07" 0.0381 0.0435 0.0443 0.1226 0.1213 0.1044 0.3142 0.2116
"TCGA.BW.A5NP.01A.11R.A27V.07" 0.0056 0.0053 0.0054 0.1576 0.1511 0.135 0.3711 0.169
"TCGA.BW.A5NQ.01A.11R.A27V.07" 0.1894 0.2063 0.1979 0.0359 0.0353 0.0387 0.115 0.1815
"TCGA.CC.5258.01A.01R.A131.07" 0.0776 0.0907 0.0886 0.0543 0.0511 0.0465 0.2364 0.3548
"TCGA.CC.5259.01A.31R.A213.07" 0.0035 0.0035 0.0035 0.1979 0.1979 0.2309 0.2233 0.1395
"TCGA.CC.5260.01A.01R.A131.07" 0.0408 0.044 0.0425 0.1362 0.1396 0.1304 0.2705 0.1959
"TCGA.CC.5261.01A.01R.A131.07" 0.2286 0.2154 0.2099 0.0467 0.0422 0.0408 0.1603 0.0561
"TCGA.CC.5262.01A.01R.A131.07" 0.0126 0.0143 0.0144 0.1601 0.1584 0.1366 0.2693 0.2344
"TCGA.CC.5263.01A.01R.A131.07" 0.0411 0.0559 0.0477 0.152 0.17 0.1353 0.1185 0.2794
"TCGA.CC.5264.01A.01R.A131.07" 0.0421 0.0506 0.0507 0.1176 0.1218 0.1099 0.1786 0.3285
"TCGA.CC.A123.01A.11R.A131.07" 0.0251 0.0254 0.0255 0.1058 0.1058 0.1234 0.2075 0.3817
"TCGA.CC.A1HT.01A.11R.A131.07" 0.1309 0.1784 0.1515 0.0919 0.0926 0.102 0.0712 0.1815
"TCGA.CC.A3M9.01A.11R.A213.07" 0.1294 0.1746 0.166 0.0643 0.059 0.0587 0 0.348
"TCGA.CC.A3MA.01A.11R.A213.07" 0.0627 0.0729 0.0715 0.1101 0.0971 0.097 0.3873 0.1013
"TCGA.CC.A3MB.01A.11R.A213.07" 5e-04 6e-04 6e-04 0.1855 0.1807 0.1995 0.1825 0.2501
"TCGA.CC.A3MC.01A.11R.A22L.07" 0.0095 0.0097 0.0098 0.2411 0.2398 0.2065 0.1602 0.1233
"TCGA.CC.A5UC.01A.11R.A28V.07" 0.0081 0.0081 0.0081 0.1999 0.1974 0.2271 0.213 0.1382
"TCGA.CC.A5UD.01A.11R.A28V.07" 0.088 0.0995 0.1021 0.0901 0.0803 0.0826 0.1304 0.327
"TCGA.CC.A5UE.01A.11R.A28V.07" 0.0486 0.0586 0.0573 0.1602 0.1358 0.1444 0.1233 0.2718
"TCGA.CC.A7IE.01A.21R.A38B.07" 0.0853 0.0958 0.0943 0.1299 0.1313 0.1137 0.097 0.2527
"TCGA.CC.A7IF.01A.11R.A33J.07" 0.0869 0.0749 0.076 0.0864 0.0857 0.0983 0.1677 0.3241
"TCGA.CC.A7IG.01A.11R.A33J.07" 0.0073 0.0084 0.0086 0.1109 0.1064 0.1182 0.2029 0.4373
"TCGA.CC.A7IH.01A.11R.A33J.07" 0.0787 0.0819 0.0829 0.0964 0.0977 0.0951 0.2599 0.2074
"TCGA.CC.A7II.01A.11R.A33J.07" 0.0105 0.0147 0.0235 0.2027 0.1489 0.1793 0.1941 0.2263
"TCGA.CC.A7IJ.01A.11R.A33R.07" 0.1249 0.1339 0.1335 0.0639 0.0601 0.0681 0.1788 0.237
"TCGA.CC.A7IK.01A.12R.A33R.07" 0.0877 0.0968 0.0983 0.1425 0.1294 0.1246 0.148 0.1727
"TCGA.CC.A7IL.01A.11R.A33R.07" 0 0 0 0.2307 0.217 0.2403 0.2542 0.0578
"TCGA.CC.A8HS.01A.11R.A36F.07" 0.0553 0.0724 0.0663 0.1216 0.105 0.1086 0.1578 0.313
"TCGA.CC.A8HT.01A.11R.A36F.07" 0.0705 0.0779 0.0747 0.112 0.1132 0.1244 0.1388 0.2886
"TCGA.CC.A8HU.01A.11R.A36F.07" 0.0544 0.0661 0.0656 0.1037 0.0987 0.1191 0.1477 0.3446
"TCGA.CC.A8HV.01A.11R.A36F.07" 0.0275 0.027 0.0267 0.1083 0.105 0.121 0.2128 0.3717
"TCGA.CC.A9FS.01A.11R.A37K.07" 0.0819 0.1049 0.0969 0.0511 0.0499 0.0442 0.1368 0.4342
"TCGA.CC.A9FU.01A.11R.A37K.07" 0.0584 0.0614 0.0614 0.0928 0.0881 0.0993 0.1641 0.3745
"TCGA.CC.A9FV.01A.11R.A37K.07" 0.1096 0.1162 0.1393 0.045 0.0373 0.038 0.1415 0.3732
"TCGA.CC.A9FW.01A.11R.A37K.07" 0.09 0.0847 0.0852 0.0559 0.0531 0.053 0.147 0.431
"TCGA.DD.A113.11A.12R.A131.07" 0.0024 0.0025 0.0024 0.2826 0.2826 0.2418 0.1334 0.0524
"TCGA.DD.A113.01A.11R.A131.07" 0.0792 0.0806 0.0803 0.081 0.0804 0.0691 0.1838 0.3455
"TCGA.DD.A114.11A.12R.A131.07" 0.1643 0.1667 0.1652 0.1 0.1002 0.0857 0.0858 0.1321
"TCGA.DD.A114.01A.11R.A131.07" 0.1612 0.1644 0.1629 0.05 0.0449 0.0453 0.1192 0.2521
"TCGA.DD.A115.01A.11R.A131.07" 0.0073 0.0083 0.0084 0.2183 0.2171 0.1873 0.2567 0.0967
"TCGA.DD.A116.11A.12R.A26B.07" 0.0575 0.0581 0.0579 0.2108 0.2097 0.1804 0.1184 0.1072
"TCGA.DD.A116.01A.11R.A131.07" 0.0924 0.1079 0.0968 0.0524 0.0533 0.0595 0.2529 0.2848
"TCGA.DD.A118.11A.11R.A131.07" 0.1279 0.1324 0.1308 0.102 0.102 0.0871 0.1679 0.1498
"TCGA.DD.A118.01A.11R.A131.07" 0 0 0 0.1293 0.1308 0.1107 0.4939 0.1352
"TCGA.DD.A119.11A.11R.A131.07" 0.0437 0.0449 0.0444 0.2237 0.2237 0.1918 0.1544 0.0733
"TCGA.DD.A119.01A.11R.A131.07" 0.019 0.0193 0.0194 0.1004 0.0999 0.1158 0.358 0.2682
"TCGA.DD.A11A.11A.11R.A131.07" 0.1195 0.1243 0.1225 0.1024 0.1024 0.0878 0.0873 0.2536
"TCGA.DD.A11A.01A.11R.A131.07" 0.051 0.0488 0.0498 0.1418 0.1474 0.1501 0.149 0.2621
"TCGA.DD.A11B.11A.11R.A131.07" 0.0348 0.0352 0.0351 0.2128 0.2134 0.1824 0.1794 0.107
"TCGA.DD.A11B.01A.11R.A131.07" 0.0066 0.0067 0.0068 0.1744 0.1797 0.1506 0.359 0.1162
"TCGA.DD.A11C.11A.11R.A131.07" 0.0969 0.0996 0.0982 0.1739 0.1744 0.1492 0.142 0.0658
"TCGA.DD.A11C.01A.11R.A131.07" 0.1111 0.1269 0.1293 0.0945 0.0948 0.0812 0.1085 0.2537
"TCGA.DD.A11D.11A.12R.A131.07" 0.0989 0.1004 0.0997 0.1603 0.1611 0.1375 0.1198 0.1223
"TCGA.DD.A11D.01A.11R.A131.07" 0 0 0 0.23 0.2284 0.197 0.2062 0.1384
"TCGA.DD.A1EA.01A.11R.A131.07" 0.0929 0.0943 0.0939 0.1157 0.1151 0.0992 0.1265 0.2624
"TCGA.DD.A1EB.11A.11R.A131.07" 0.0619 0.0635 0.0628 0.1792 0.1779 0.1532 0.1662 0.1353
"TCGA.DD.A1EB.01A.11R.A131.07" 0 0 0 0.2528 0.2543 0.2164 0.1856 0.0909
"TCGA.DD.A1EC.11A.11R.A131.07" 0.0372 0.0376 0.0374 0.2273 0.2273 0.1949 0.1702 0.0681
"TCGA.DD.A1EC.01A.21R.A131.07" 0.2235 0.2276 0.2322 0.0241 0.0235 0.0208 0.0375 0.2107
"TCGA.DD.A1ED.01A.11R.A155.07" 0.0889 0.0841 0.0816 0.1412 0.1408 0.121 0.1852 0.1571
"TCGA.DD.A1EE.11A.11R.A131.07" 0.1495 0.1495 0.1495 0.083 0.083 0.0711 0.1575 0.1568
"TCGA.DD.A1EE.01A.11R.A131.07" 0.0535 0.0509 0.0509 0.0779 0.0742 0.0628 0.3973 0.2325
"TCGA.DD.A1EF.01A.11R.A131.07" 0.1691 0.2183 0.2137 0.0502 0.0451 0.0448 0.0799 0.1791
"TCGA.DD.A1EG.11A.11R.A213.07" 0.1024 0.1042 0.1034 0.1364 0.1364 0.1166 0.111 0.1896
"TCGA.DD.A1EG.01A.11R.A213.07" 0.0818 0.0891 0.0867 0.0947 0.0941 0.1082 0.1873 0.2582
"TCGA.DD.A1EH.11A.11R.A131.07" 0.0189 0.0191 0.0192 0.2253 0.2245 0.1928 0.21 0.0903
"TCGA.DD.A1EH.01A.11R.A131.07" 0 0 0 0.1765 0.1666 0.1898 0.2613 0.2059
"TCGA.DD.A1EI.11A.11R.A131.07" 0.0748 0.0769 0.0774 0.1685 0.1668 0.1445 0.2167 0.0744
"TCGA.DD.A1EI.01A.11R.A131.07" 0.016 0.0167 0.0169 0.1692 0.1671 0.1878 0.2661 0.1602
"TCGA.DD.A1EJ.11A.11R.A155.07" 0.0234 0.024 0.0238 0.2473 0.2473 0.212 0.1225 0.0998
"TCGA.DD.A1EJ.01A.11R.A155.07" 0.0065 0.0064 0.0064 0.1765 0.1618 0.1773 0.3236 0.1415
"TCGA.DD.A1EK.01A.11R.A213.07" 0.0479 0.0514 0.0525 0.1294 0.1273 0.1099 0.1825 0.2991
"TCGA.DD.A1EL.11A.11R.A155.07" 0.1022 0.1034 0.1029 0.1065 0.1062 0.0909 0.2382 0.1497
"TCGA.DD.A1EL.01A.11R.A155.07" 0.0762 0.0791 0.0773 0.1013 0.1029 0.0862 0.1772 0.2998
"TCGA.DD.A39V.11A.11R.A213.07" 0.025 0.0253 0.0252 0.1876 0.1876 0.1608 0.1901 0.1982
"TCGA.DD.A39V.01A.11R.A213.07" 0.0766 0.0823 0.0826 0.0715 0.0714 0.0834 0.1341 0.3981
"TCGA.DD.A39W.11A.11R.A213.07" 0.0109 0.0113 0.0111 0.2285 0.2278 0.1955 0.1689 0.146
"TCGA.DD.A39W.01A.11R.A213.07" 0.0434 0.0434 0.0434 0.1903 0.1903 0.1652 0.2704 0.0537
"TCGA.DD.A39X.11A.11R.A213.07" 0.0249 0.0253 0.0251 0.1894 0.1894 0.1633 0.1853 0.1973
"TCGA.DD.A39X.01A.11R.A213.07" 0.0042 0.0043 0.0042 0.2079 0.2021 0.2324 0.1984 0.1466
"TCGA.DD.A39Y.01A.11R.A213.07" 0.0673 0.0941 0.0897 0.0751 0.0735 0.086 0.15 0.3644
"TCGA.DD.A39Z.11A.21R.A213.07" 0 0 0 0.2587 0.2587 0.2227 0.2042 0.0557
"TCGA.DD.A39Z.01A.11R.A213.07" 0.0307 0.0307 0.0307 0.0764 0.0764 0.0887 0.4012 0.2651
"TCGA.DD.A3A1.11A.11R.A213.07" 0.0524 0.0524 0.0524 0.0957 0.0957 0.1116 0.2529 0.2869
"TCGA.DD.A3A1.01A.11R.A213.07" 0.0211 0.0219 0.0238 0.1466 0.1474 0.17 0.2799 0.1893
"TCGA.DD.A3A2.11A.11R.A213.07" 0 0 0 0.2473 0.2468 0.2117 0.1989 0.0953
"TCGA.DD.A3A2.01A.11R.A213.07" 0.0368 0.0383 0.0376 0.0988 0.0983 0.085 0.3367 0.2686
"TCGA.DD.A3A3.11A.11R.A22L.07" 0.0328 0.0334 0.0332 0.2289 0.2284 0.1955 0.0998 0.1479
"TCGA.DD.A3A3.01A.11R.A22L.07" 0.0231 0.0231 0.0231 0.1414 0.1409 0.1635 0.2945 0.1906
"TCGA.DD.A3A4.11A.11R.A22L.07" 0.1187 0.1215 0.1201 0.0735 0.0735 0.0857 0.1388 0.2681
"TCGA.DD.A3A4.01A.11R.A22L.07" 0.0093 0.0093 0.0093 0.1582 0.1577 0.1359 0.2436 0.2767
"TCGA.DD.A3A5.11A.11R.A22L.07" 0.0055 0.0056 0.0055 0.2357 0.2357 0.2033 0.1315 0.1772
"TCGA.DD.A3A5.01A.11R.A22L.07" 0.0137 0.0142 0.0144 0.2349 0.2328 0.2733 0.1245 0.0922
"TCGA.DD.A3A6.11A.11R.A22L.07" 0.0471 0.0481 0.0475 0.1003 0.1003 0.0865 0.1983 0.372
"TCGA.DD.A3A6.01A.11R.A22L.07" 0.0583 0.0514 0.0585 0.0672 0.0537 0.0487 0.1536 0.5086
"TCGA.DD.A3A7.01A.11R.A22L.07" 0.058 0.0819 0.0788 0.0913 0.09 0.1037 0.1836 0.3127
"TCGA.DD.A3A8.11A.11R.A22L.07" 0.0373 0.0377 0.0378 0.151 0.1506 0.129 0.2844 0.1721
"TCGA.DD.A3A8.01A.11R.A22L.07" 0.0156 0.0158 0.016 0.1545 0.1533 0.1527 0.3648 0.1273
"TCGA.DD.A3A9.01A.11R.A266.07" 0.003 0.0031 0.0032 0.181 0.1776 0.1602 0.1997 0.2722
"TCGA.DD.A4NA.01A.11R.A266.07" 0.0654 0.0852 0.0933 0.0803 0.0721 0.0691 0.2998 0.2348
"TCGA.DD.A4NB.01A.12R.A266.07" 0.0932 0.0948 0.0953 0.1487 0.1375 0.1341 0.1625 0.1338
"TCGA.DD.A4ND.01A.11R.A266.07" 0.1571 0.1641 0.1653 0.0544 0.0511 0.0471 0.1252 0.2357
"TCGA.DD.A4NE.01A.11R.A27V.07" 0.0258 0.0276 0.0265 0.1092 0.1067 0.0932 0.2228 0.3881
"TCGA.DD.A4NF.01A.11R.A27V.07" 0.0916 0.0974 0.0951 0.1079 0.1045 0.1056 0.2089 0.189
"TCGA.DD.A4NG.01A.11R.A27V.07" 0.0586 0.0598 0.0607 0.1368 0.135 0.1175 0.2873 0.1444
"TCGA.DD.A4NH.01A.11R.A27V.07" 0.0663 0.0761 0.0789 0.0974 0.0982 0.0836 0.2312 0.2683
"TCGA.DD.A4NI.01A.11R.A27V.07" 0.1582 0.1616 0.1635 0.0644 0.0632 0.0555 0.124 0.2096
"TCGA.DD.A4NJ.01A.11R.A27V.07" 0.1501 0.1635 0.1648 0.0686 0.0704 0.0588 0.1474 0.1763
"TCGA.DD.A4NK.01A.11R.A28V.07" 0.0704 0.0773 0.0749 0.1259 0.1237 0.1063 0.1175 0.3041
"TCGA.DD.A4NL.01A.11R.A28V.07" 0.0146 0.015 0.0151 0.2326 0.2334 0.1995 0.2248 0.065
"TCGA.DD.A4NN.01A.11R.A28V.07" 0 0 0 0.0961 0.0977 0.1074 0.4063 0.2925
"TCGA.DD.A4NO.01A.11R.A28V.07" 0.0082 0.0092 0.0092 0.1807 0.1824 0.1551 0.3384 0.1167
"TCGA.DD.A4NP.01A.11R.A28V.07" 0.0106 0.0108 0.0107 0.2207 0.2196 0.1918 0.2683 0.0673
"TCGA.DD.A4NQ.01A.21R.A28V.07" 0.049 0.0504 0.0498 0.0988 0.0977 0.0849 0.1863 0.3832
"TCGA.DD.A4NR.01A.11R.A311.07" 0.1425 0.161 0.162 0.0525 0.0509 0.0578 0.1168 0.2565
"TCGA.DD.A4NS.01A.11R.A311.07" 0.145 0.1486 0.1509 0.132 0.1262 0.1147 0.069 0.1135
"TCGA.DD.A4NV.01A.11R.A311.07" 0.0647 0.0674 0.068 0.0934 0.0926 0.0798 0.2378 0.2964
"TCGA.DD.A73A.01A.12R.A32O.07" 0.1 0.1024 0.1016 0.1386 0.1372 0.1182 0.1666 0.1355
"TCGA.DD.A73B.01A.12R.A32O.07" 0.0448 0.0528 0.0513 0.12 0.1212 0.1029 0.218 0.289
"TCGA.DD.A73C.01A.12R.A33J.07" 0.0529 0.0585 0.0571 0.1035 0.1026 0.0889 0.2454 0.2912
"TCGA.DD.A73D.01A.12R.A32O.07" 0.0531 0.0504 0.0495 0.1617 0.1553 0.1488 0.1408 0.2405
"TCGA.DD.A73E.01A.12R.A32O.07" 0.1345 0.1478 0.1508 0.0577 0.0515 0.0538 0.2696 0.1344
"TCGA.DD.A73F.01A.11R.A32O.07" 0.1569 0.1764 0.1844 0.0538 0.0533 0.0618 0.0707 0.2426
"TCGA.DD.A73G.01A.22R.A32O.07" 0.0101 0.0103 0.0103 0.1148 0.114 0.132 0.4469 0.1616
"TCGA.DD.AA3A.01A.11R.A37K.07" 0.0561 0.0584 0.0524 0.1325 0.121 0.1203 0.1462 0.3132
"TCGA.DD.AAC8.01A.11R.A41C.07" 0.0442 0.0458 0.045 0.0749 0.0727 0.0689 0.3605 0.288
"TCGA.DD.AAC9.01A.11R.A41C.07" 0.0351 0.0356 0.0358 0.1526 0.1522 0.132 0.2237 0.233
"TCGA.DD.AACA.01A.11R.A41C.07" 0.0657 0.0735 0.0752 0.0806 0.0729 0.0762 0.2505 0.3054
"TCGA.DD.AACA.02B.11R.A41C.07" 0 0 0 0.2511 0.2448 0.2884 0.1701 0.0455
"TCGA.DD.AACB.01A.11R.A41C.07" 0.1233 0.1269 0.1249 0.0538 0.0529 0.0606 0.0815 0.3762
"TCGA.DD.AACC.01A.11R.A41C.07" 0.2235 0.2534 0.2554 0.0268 0.0267 0.031 0.0385 0.1448
"TCGA.DD.AACD.01A.11R.A41C.07" 0.0461 0.0476 0.0466 0.0855 0.0852 0.0991 0.4 0.1899
"TCGA.DD.AACE.01A.11R.A41C.07" 0.0346 0.0419 0.038 0.1762 0.1815 0.1521 0.1324 0.2434
"TCGA.DD.AACF.01A.11R.A41C.07" 0.0522 0.0565 0.0553 0.1424 0.1415 0.1217 0.0998 0.3306
"TCGA.DD.AACG.01A.11R.A41C.07" 0.0691 0.0717 0.0705 0.0828 0.0828 0.0966 0.2474 0.2792
"TCGA.DD.AACH.01A.11R.A41C.07" 0.0415 0.0435 0.043 0.0917 0.0963 0.0797 0.3439 0.2604
"TCGA.DD.AACI.01A.11R.A41C.07" 0.0667 0.0674 0.0673 0.0816 0.0811 0.0938 0.1593 0.3828
"TCGA.DD.AACJ.01A.11R.A41C.07" 0.0259 0.0264 0.0261 0.1167 0.1157 0.0996 0.352 0.2376
"TCGA.DD.AACK.01A.11R.A41C.07" 0 0 0 0.291 0.2822 0.2497 0.1235 0.0536
"TCGA.DD.AACL.01A.11R.A41C.07" 0.1209 0.1545 0.1443 0.0851 0.0841 0.0975 0.0495 0.2643
"TCGA.DD.AACN.01A.11R.A41C.07" 0.09 0.1041 0.1024 0.1317 0.1343 0.1162 0.1671 0.1542
"TCGA.DD.AACO.01A.11R.A41C.07" 0 0 0 0.2186 0.2186 0.2551 0.1894 0.1182
"TCGA.DD.AACP.01A.11R.A41C.07" 0.0489 0.0506 0.0492 0.2041 0.1976 0.2291 0.0699 0.1507
"TCGA.DD.AACQ.01A.11R.A41C.07" 0.0202 0.0232 0.0228 0.1698 0.1666 0.1897 0.1461 0.2616
"TCGA.DD.AACS.01A.11R.A41C.07" 0.0477 0.049 0.0502 0.1339 0.1314 0.1141 0.1453 0.3283
"TCGA.DD.AACT.01A.11R.A41C.07" 0.0169 0.0176 0.0181 0.1711 0.17 0.1464 0.291 0.1688
"TCGA.DD.AACU.01A.11R.A41C.07" 0.0537 0.0565 0.0553 0.1506 0.1565 0.1437 0.1661 0.2176
"TCGA.DD.AACV.01A.11R.A41C.07" 0.0648 0.0704 0.0678 0.141 0.1407 0.1307 0.1003 0.2842
"TCGA.DD.AACW.01A.11R.A41C.07" 0.0637 0.073 0.0737 0.1179 0.1137 0.1021 0.2928 0.1632
"TCGA.DD.AACX.01A.11R.A41C.07" 0.0176 0.0183 0.0179 0.2141 0.2084 0.1832 0.23 0.1104
"TCGA.DD.AACY.01A.11R.A41C.07" 0 0 0 0.2693 0.2667 0.2304 0.1001 0.1334
"TCGA.DD.AACZ.01A.11R.A41C.07" 0.2473 0.2425 0.2388 0.0334 0.0314 0.0353 0.035 0.1365
"TCGA.DD.AAD0.01A.11R.A41C.07" 0.0913 0.0806 0.0808 0.0901 0.0915 0.0898 0.1336 0.3423
"TCGA.DD.AAD1.01A.11R.A41C.07" 0.1407 0.1433 0.1455 0.1155 0.1129 0.0983 0.1 0.1439
"TCGA.DD.AAD2.01A.11R.A41C.07" 0.0394 0.0394 0.0394 0.1062 0.104 0.1205 0.2281 0.3231
"TCGA.DD.AAD3.01A.11R.A41C.07" 0.01 0.0103 0.0102 0.2332 0.2353 0.2012 0.2044 0.0954
"TCGA.DD.AAD5.01A.11R.A41C.07" 0.0813 0.0838 0.0853 0.0823 0.0817 0.0889 0.1064 0.3903
"TCGA.DD.AAD6.01A.11R.A41C.07" 0.0992 0.1021 0.1002 0.0955 0.0978 0.0828 0.1533 0.2691
"TCGA.DD.AAD8.01A.11R.A41C.07" 0.0272 0.0306 0.0308 0.1165 0.1182 0.1001 0.2054 0.3712
"TCGA.DD.AADA.01A.11R.A41C.07" 0.0587 0.0662 0.0659 0.1582 0.1559 0.1386 0.1751 0.1814
"TCGA.DD.AADB.01A.11R.A41C.07" 0.1534 0.1595 0.1575 0.0961 0.0943 0.1082 0.0835 0.1475
"TCGA.DD.AADC.01A.11R.A41C.07" 0.0911 0.0862 0.087 0.0886 0.0854 0.1001 0.1859 0.2757
"TCGA.DD.AADD.01A.11R.A41C.07" 0.031 0.0304 0.0295 0.1647 0.154 0.1448 0.3512 0.0945
"TCGA.DD.AADF.01A.11R.A41C.07" 0.027 0.0277 0.0275 0.1958 0.1951 0.17 0.1668 0.19
"TCGA.DD.AADG.01A.11R.A41C.07" 0.0749 0.0802 0.0772 0.1054 0.1024 0.0897 0.204 0.2661
"TCGA.DD.AADI.01A.11R.A41C.07" 0.1248 0.1248 0.1248 0.0855 0.0853 0.0997 0.1168 0.2383
"TCGA.DD.AADJ.01A.11R.A41C.07" 0.0123 0.0125 0.0124 0.2111 0.2103 0.2459 0.1796 0.116
"TCGA.DD.AADK.01A.11R.A41C.07" 0.0652 0.0664 0.0658 0.1465 0.1449 0.1662 0.1765 0.1685
"TCGA.DD.AADL.01A.11R.A41C.07" 0 0 0 0.1632 0.1687 0.1401 0.4436 0.0844
"TCGA.DD.AADM.01A.11R.A41C.07" 0.0237 0.0241 0.0242 0.1209 0.1205 0.1397 0.303 0.2438
"TCGA.DD.AADN.01A.11R.A41C.07" 0.0977 0.0977 0.0977 0.0546 0.0544 0.0636 0.0981 0.4363
"TCGA.DD.AADO.01A.11R.A41C.07" 0.0452 0.046 0.0456 0.1276 0.1271 0.1487 0.1827 0.2771
"TCGA.DD.AADP.01A.11R.A39D.07" 0.0133 0.0138 0.014 0.2666 0.2721 0.2351 0.1272 0.058
"TCGA.DD.AADQ.01A.11R.A41C.07" 0.0713 0.0819 0.0834 0.0722 0.0722 0.0842 0.1462 0.3886
"TCGA.DD.AADR.01A.11R.A41C.07" 0.0964 0.1083 0.1091 0.0985 0.0994 0.1122 0.117 0.2591
"TCGA.DD.AADS.01A.11R.A41C.07" 0.0913 0.0928 0.0931 0.0849 0.0849 0.099 0.0857 0.3683
"TCGA.DD.AADU.01A.11R.A41C.07" 0.0817 0.084 0.0826 0.1179 0.1168 0.1164 0.138 0.2625
"TCGA.DD.AADV.01A.11R.A39D.07" 0.012 0.0126 0.0124 0.1302 0.1311 0.1128 0.4185 0.1706
"TCGA.DD.AADW.01A.11R.A39D.07" 0.0391 0.0407 0.0408 0.0697 0.0657 0.0593 0.3665 0.3181
"TCGA.DD.AADY.01A.11R.A41C.07" 0.0054 0.0054 0.0054 0.2205 0.2193 0.1887 0.1545 0.2008
"TCGA.DD.AAE0.01A.11R.A41C.07" 0.0022 0.0023 0.0023 0.1355 0.1266 0.1433 0.2135 0.3742
"TCGA.DD.AAE1.01A.11R.A41C.07" 0.0577 0.067 0.0649 0.1514 0.1538 0.1727 0.1973 0.1352
"TCGA.DD.AAE2.01A.11R.A41C.07" 0.0785 0.0893 0.0891 0.1563 0.1553 0.1353 0.1194 0.1767
"TCGA.DD.AAE3.01A.11R.A41C.07" 0.0677 0.0693 0.0697 0.0921 0.0921 0.1038 0.1559 0.3494
"TCGA.DD.AAE4.01A.11R.A41C.07" 0.0737 0.0746 0.0749 0.1284 0.1284 0.11 0.1258 0.2843
"TCGA.DD.AAE6.01A.11R.A41C.07" 0.0269 0.0387 0.0381 0.1448 0.138 0.1507 0.1279 0.335
"TCGA.DD.AAE7.01A.11R.A41C.07" 0.0713 0.0725 0.0723 0.1265 0.1259 0.1084 0.2556 0.1675
"TCGA.DD.AAE9.01A.11R.A41C.07" 0.0909 0.097 0.0946 0.0558 0.0544 0.0604 0.1788 0.3681
"TCGA.DD.AAEA.01A.11R.A41C.07" 0.0517 0.0528 0.0529 0.1222 0.1234 0.1408 0.2099 0.2463
"TCGA.DD.AAEB.01A.11R.A41C.07" 0.0968 0.0997 0.1003 0.092 0.0915 0.1056 0.1487 0.2654
"TCGA.DD.AAED.01A.12R.A41C.07" 0.048 0.0573 0.0548 0.1409 0.137 0.155 0.1324 0.2746
"TCGA.DD.AAEE.01A.11R.A41C.07" 0.1165 0.1188 0.1122 0.0432 0.0441 0.049 0.2614 0.2549
"TCGA.DD.AAEG.01A.11R.A39D.07" 0.0133 0.0133 0.0133 0.1317 0.131 0.1512 0.2835 0.2625
"TCGA.DD.AAEH.01A.11R.A41C.07" 0.1842 0.1873 0.1885 0.0342 0.0339 0.0292 0.0894 0.2533
"TCGA.DD.AAEI.01A.11R.A41C.07" 0.0239 0.025 0.0253 0.1546 0.1569 0.1775 0.275 0.1618
"TCGA.DD.AAEK.01A.11R.A41C.07" 0.1418 0.1453 0.1434 0.1169 0.1141 0.1009 0.0593 0.1784
"TCGA.DD.AAVP.01A.11R.A41C.07" 0.093 0.0975 0.0962 0.083 0.0836 0.0716 0.1926 0.2826
"TCGA.DD.AAVQ.01A.11R.A41C.07" 0.2222 0.2505 0.2519 0.0231 0.0229 0.0264 0.061 0.142
"TCGA.DD.AAVR.01A.11R.A41C.07" 0.1151 0.1166 0.1159 0.1392 0.1397 0.1194 0.1216 0.1325
"TCGA.DD.AAVS.01A.11R.A41C.07" 0.0596 0.0602 0.0603 0.1416 0.1447 0.1239 0.2587 0.151
"TCGA.DD.AAVU.01A.11R.A41C.07" 0.0345 0.0466 0.0447 0.1237 0.12 0.1373 0.1368 0.3564
"TCGA.DD.AAVV.01A.11R.A41C.07" 0.0748 0.1011 0.1084 0.101 0.0999 0.115 0.1414 0.2584
"TCGA.DD.AAVW.01A.11R.A41C.07" 0.1614 0.1897 0.1926 0.0408 0.0398 0.036 0.1854 0.1542
"TCGA.DD.AAVX.01A.11R.A41C.07" 0.1166 0.1227 0.1214 0.0588 0.0591 0.0681 0.2318 0.2215
"TCGA.DD.AAVY.01A.11R.A41C.07" 0.0646 0.0688 0.0669 0.1344 0.1312 0.1173 0.1596 0.2572
"TCGA.DD.AAVZ.01A.11R.A41C.07" 0.0099 0.0099 0.0099 0.2058 0.2038 0.1774 0.3283 0.055
"TCGA.DD.AAW0.01A.11R.A41C.07" 0.1417 0.1453 0.1431 0.0607 0.0587 0.0526 0.1759 0.2219
"TCGA.DD.AAW1.01A.11R.A41C.07" 0.0773 0.0737 0.0725 0.0922 0.093 0.0802 0.1713 0.3397
"TCGA.DD.AAW2.01A.11R.A41C.07" 0.0736 0.073 0.0714 0.1231 0.1156 0.1035 0.1536 0.2862
"TCGA.DD.AAW3.01A.11R.A41C.07" 0.0414 0.0425 0.043 0.1065 0.1054 0.0966 0.3524 0.2121
"TCGA.ED.A459.01A.11R.A266.07" 0.0531 0.0853 0.0706 0.1033 0.1025 0.1182 0.1191 0.3479
"TCGA.ED.A4XI.01A.11R.A266.07" 0.0502 0.0512 0.051 0.1341 0.1322 0.1152 0.2318 0.2342
"TCGA.ED.A5KG.01A.11R.A27V.07" 0.39 0.2811 0.2792 0.0162 0.0154 0.0181 0 0
"TCGA.ED.A627.01A.12R.A311.07" 0.1468 0.1506 0.1489 0.149 0.1462 0.1273 0.049 0.0822
"TCGA.ED.A66X.01A.11R.A311.07" 0.036 0.0403 0.0404 0.0811 0.082 0.0872 0.3748 0.2582
"TCGA.ED.A66Y.01A.11R.A311.07" 0 0 0 0.1707 0.1679 0.1469 0.2198 0.2948
"TCGA.ED.A7PX.01A.51R.A352.07" 0 0 0 0.1338 0.1342 0.1207 0.4027 0.2087
"TCGA.ED.A7PY.01A.11R.A33R.07" 0.0237 0.0237 0.0237 0.0976 0.0972 0.0866 0.2253 0.4221
"TCGA.ED.A7PZ.01A.11R.A33R.07" 0 0 0 0.2551 0.237 0.2675 0.1843 0.0562
"TCGA.ED.A7XO.01A.11R.A352.07" 0.108 0.1141 0.1164 0.0663 0.067 0.0757 0.1 0.3525
"TCGA.ED.A7XP.01A.11R.A352.07" 0.0499 0.049 0.0478 0.1282 0.1174 0.1125 0.3525 0.1428
"TCGA.ED.A82E.01A.11R.A352.07" 0.0495 0.0548 0.0556 0.0861 0.0912 0.0849 0.3665 0.2113
"TCGA.ED.A8O5.01A.11R.A36F.07" 0.0418 0.0418 0.0418 0.0764 0.0757 0.0655 0.335 0.322
"TCGA.ED.A8O6.01A.11R.A36F.07" 0.065 0.0436 0.0395 0.0996 0.0927 0.1094 0.2302 0.32
"TCGA.ED.A97K.01A.21R.A38B.07" 0.0608 0.0695 0.0703 0.0878 0.0819 0.0845 0.2268 0.3185
"TCGA.EP.A12J.11A.11R.A131.07" 0.0931 0.0946 0.094 0.1178 0.1165 0.1011 0.2387 0.1442
"TCGA.EP.A12J.01A.11R.A131.07" 0.0744 0.0782 0.0768 0.0998 0.0934 0.0881 0.2316 0.2576
"TCGA.EP.A26S.11A.12R.A16W.07" 0.0518 0.0518 0.0518 0.1233 0.1231 0.1067 0.3095 0.182
"TCGA.EP.A26S.01A.11R.A16W.07" 0.0343 0.0317 0.0315 0.1448 0.1413 0.1254 0.4312 0.0598
"TCGA.EP.A2KA.01A.11R.A180.07" 0.0503 0.0503 0.0503 0.1484 0.1484 0.1732 0.1492 0.2299
"TCGA.EP.A2KB.01A.11R.A180.07" 0.0554 0.057 0.056 0.1223 0.1196 0.1273 0.139 0.3234
"TCGA.EP.A2KC.01A.11R.A213.07" 0.0113 0.0118 0.0121 0.165 0.1636 0.141 0.4039 0.0913
"TCGA.EP.A3JL.01A.11R.A213.07" 0.0987 0.1111 0.1117 0.058 0.0575 0.0665 0.1439 0.3526
"TCGA.EP.A3RK.11A.11R.A22L.07" 0.0022 0.0022 0.0022 0.2035 0.2024 0.1751 0.2049 0.2076
"TCGA.EP.A3RK.01A.11R.A22L.07" 0.1583 0.165 0.165 0.0283 0.0281 0.0243 0.0827 0.3484
"TCGA.ES.A2HS.01A.11R.A180.07" 0 0 0 0.1465 0.1465 0.1709 0.3251 0.211
"TCGA.ES.A2HT.11A.11R.A180.07" 0.0899 0.0899 0.0899 0.1471 0.1465 0.1259 0.1073 0.2037
"TCGA.ES.A2HT.01A.12R.A180.07" 0.0094 0.0094 0.0094 0.1453 0.145 0.1684 0.2601 0.253
"TCGA.FV.A23B.11A.11R.A16W.07" 0.1776 0.1802 0.1792 0.0572 0.0574 0.0491 0.1174 0.1819
"TCGA.FV.A23B.01A.11R.A16W.07" 0.112 0.1687 0.1646 0.0734 0.0726 0.0626 0.1242 0.2221
"TCGA.FV.A2QQ.01A.11R.A22L.07" 0.0539 0.0555 0.055 0.0795 0.0802 0.0917 0.3439 0.2403
"TCGA.FV.A2QR.11A.11R.A213.07" 0.0973 0.0988 0.0983 0.1457 0.1466 0.1251 0.1104 0.1778
"TCGA.FV.A2QR.01A.11R.A213.07" 0.0064 0.0092 0.01 0.0897 0.0912 0.0768 0.405 0.3117
"TCGA.FV.A3I0.11A.11R.A22L.07" 0.0042 0.0043 0.0043 0.2805 0.2805 0.2392 0.1195 0.0675
"TCGA.FV.A3I0.01A.11R.A22L.07" 0.0058 0.0067 0.0069 0.157 0.1417 0.1456 0.2475 0.2889
"TCGA.FV.A3I1.11A.11R.A22L.07" 0.0263 0.0271 0.0267 0.2591 0.2572 0.2205 0.0969 0.0862
"TCGA.FV.A3I1.01A.11R.A22L.07" 0.0717 0.0694 0.0682 0.1468 0.1534 0.1633 0.1472 0.1799
"TCGA.FV.A3R2.11A.11R.A22L.07" 0.0835 0.085 0.0844 0.1209 0.1203 0.1034 0.1462 0.2563
"TCGA.FV.A3R2.01A.11R.A22L.07" 0.0659 0.0811 0.0763 0.0799 0.0766 0.0844 0.1537 0.382
"TCGA.FV.A3R3.01A.11R.A22L.07" 0.0403 0.0411 0.0413 0.1832 0.183 0.1586 0.1861 0.1665
"TCGA.FV.A495.01A.11R.A266.07" 0.0991 0.1004 0.1009 0.0618 0.0616 0.0721 0.1953 0.3087
"TCGA.FV.A496.01A.11R.A266.07" 0 0 0 0.1936 0.1923 0.1655 0.3828 0.0659
"TCGA.FV.A4ZP.01A.12R.A266.07" 0.0296 0.0298 0.0298 0.0531 0.0527 0.0618 0.3278 0.4155
"TCGA.FV.A4ZQ.01A.11R.A266.07" 0.2184 0.2443 0.2393 0.0077 0.0074 0.0087 0.0195 0.2547
"TCGA.G3.A25S.01A.11R.A16W.07" 0.069 0.0734 0.0717 0.1077 0.104 0.1031 0.1434 0.3277
"TCGA.G3.A25T.01A.11R.A16W.07" 0.032 0.0369 0.038 0.1495 0.1327 0.1302 0.1975 0.2834
"TCGA.G3.A25U.01A.11R.A16W.07" 0.036 0.0464 0.0405 0.1531 0.1529 0.1342 0.1544 0.2825
"TCGA.G3.A25V.01A.11R.A16W.07" 0.0636 0.0719 0.0724 0.1771 0.1771 0.1518 0.1081 0.1783
"TCGA.G3.A25X.01A.11R.A16W.07" 0.0433 0.0439 0.0441 0.1085 0.1078 0.1268 0.2468 0.2789
"TCGA.G3.A25Y.01A.11R.A16W.07" 0.0548 0.0548 0.0548 0.1666 0.1651 0.1899 0.1369 0.1773
"TCGA.G3.A25Z.01A.11R.A16W.07" 0.0495 0.0519 0.0512 0.1395 0.1409 0.1198 0.1521 0.295
"TCGA.G3.A3CG.01A.11R.A213.07" 0.0233 0.0262 0.0261 0.2135 0.2149 0.1832 0.1756 0.1372
"TCGA.G3.A3CH.11A.11R.A22L.07" 0.1504 0.1545 0.153 0.125 0.1236 0.1076 0.0692 0.1166
"TCGA.G3.A3CH.01A.11R.A22L.07" 0.0475 0.0489 0.0494 0.2019 0.2004 0.1722 0.1747 0.105
"TCGA.G3.A3CI.01A.11R.A213.07" 0.0494 0.0494 0.0494 0.2007 0.2015 0.1724 0.1382 0.1391
"TCGA.G3.A3CJ.01A.11R.A213.07" 0 0 0 0.191 0.191 0.2228 0.2944 0.1008
"TCGA.G3.A3CK.01A.11R.A213.07" 0.1206 0.1164 0.1126 0.0677 0.0672 0.0579 0.199 0.2585
"TCGA.G3.A5SI.01A.31R.A27V.07" 0 0 0 0.1313 0.1321 0.1125 0.3993 0.2247
"TCGA.G3.A5SJ.01A.11R.A27V.07" 0.116 0.1182 0.1188 0.0609 0.0602 0.0677 0.1948 0.2634
"TCGA.G3.A5SK.01A.11R.A27V.07" 0.0941 0.1228 0.1071 0.1229 0.1225 0.1052 0.0903 0.235
"TCGA.G3.A5SL.01A.11R.A27V.07" 0.0717 0.0992 0.0932 0.1066 0.1057 0.0907 0.1853 0.2477
"TCGA.G3.A5SM.01A.12R.A28V.07" 0.022 0.0224 0.0225 0.1222 0.1216 0.1047 0.3016 0.283
"TCGA.G3.A6UC.01A.21R.A33J.07" 0.0771 0.0803 0.0824 0.1216 0.1133 0.102 0.1258 0.2975
"TCGA.G3.A7M5.01A.11R.A33R.07" 0.0595 0.0634 0.0605 0.1249 0.1228 0.1127 0.1244 0.3318
"TCGA.G3.A7M6.01A.11R.A33R.07" 0.1206 0.1117 0.109 0.0949 0.0949 0.0815 0.2145 0.173
"TCGA.G3.A7M7.01A.12R.A352.07" 0 0 0 0.1638 0.1603 0.1827 0.3754 0.1178
"TCGA.G3.A7M8.01A.11R.A33R.07" 0.0157 0.0159 0.016 0.1838 0.1818 0.1569 0.2639 0.166
"TCGA.G3.A7M9.01A.23R.A352.07" 0.0376 0.0479 0.0418 0.2123 0.2117 0.2391 0.0983 0.1113
"TCGA.G3.AAUZ.01A.11R.A38B.07" 0.0282 0.0288 0.0291 0.2007 0.2007 0.2342 0.1327 0.1457
"TCGA.G3.AAV0.01A.11R.A37K.07" 0.0042 0.0044 0.0043 0.1672 0.1672 0.1433 0.3712 0.1383
"TCGA.G3.AAV1.01A.11R.A38B.07" 0.0497 0.0534 0.0514 0.1033 0.0999 0.0942 0.2672 0.281
"TCGA.G3.AAV2.01A.11R.A37K.07" 0.0684 0.0715 0.0696 0.0834 0.0821 0.0714 0.2011 0.3525
"TCGA.G3.AAV3.01A.11R.A37K.07" 0.1401 0.1493 0.1436 0.0344 0.0337 0.0296 0.0914 0.3779
"TCGA.G3.AAV4.01A.11R.A38B.07" 0.0723 0.0811 0.0829 0.1079 0.0988 0.0984 0.2305 0.2281
"TCGA.G3.AAV5.01A.11R.A37K.07" 0.0142 0.0145 0.0143 0.2178 0.2143 0.1853 0.2866 0.0531
"TCGA.G3.AAV6.01A.21R.A37K.07" 0 0 0 0.132 0.1293 0.1339 0.165 0.4398
"TCGA.G3.AAV7.01A.11R.A38B.07" 0.0054 0.0073 0.006 0.1494 0.1447 0.128 0.2015 0.3576
"TCGA.GJ.A3OU.01A.31R.A38B.07" 0.1911 0.1855 0.1888 0.0539 0.0531 0.061 0.0804 0.1863
"TCGA.GJ.A6C0.01A.12R.A311.07" 0.0464 0.0645 0.0647 0.114 0.1133 0.0973 0.109 0.3909
"TCGA.GJ.A9DB.01A.11R.A37K.07" 0.03 0.0339 0.0345 0.2113 0.2128 0.1822 0.1984 0.0968
"TCGA.HP.A5MZ.01A.21R.A27V.07" 0.144 0.1642 0.1613 0.048 0.0477 0.0551 0.1518 0.2277
"TCGA.HP.A5N0.01A.11R.A28V.07" 0.0136 0.0139 0.0138 0.1067 0.1059 0.0919 0.4145 0.2397
"TCGA.K7.A5RF.01A.11R.A28V.07" 0.109 0.1109 0.11 0.1505 0.1491 0.129 0.1111 0.1305
"TCGA.K7.A5RG.01A.11R.A28V.07" 0.242 0.269 0.2799 0.0297 0.0294 0.0334 0.0231 0.0936
"TCGA.K7.A6G5.01A.11R.A311.07" 0.0154 0.0175 0.0173 0.1846 0.1835 0.1585 0.2759 0.1474
"TCGA.K7.AAU7.01A.11R.A38B.07" 0.1026 0.1171 0.1166 0.078 0.0824 0.0711 0.3447 0.0874
"TCGA.KR.A7K0.01A.12R.A33R.07" 0.0292 0.028 0.0282 0.238 0.2411 0.2049 0.1823 0.0484
"TCGA.KR.A7K2.01A.12R.A33R.07" 0.0421 0.0421 0.0421 0.1808 0.1818 0.208 0.1431 0.1601
"TCGA.KR.A7K7.01A.11R.A33J.07" 0.0544 0.057 0.0563 0.1685 0.1677 0.195 0.11 0.1911
"TCGA.KR.A7K8.01A.11R.A33J.07" 0.0789 0.1079 0.1014 0.1321 0.1297 0.1481 0.1072 0.1947
"TCGA.LG.A6GG.01A.11R.A311.07" 0 0 0 0.2546 0.257 0.2194 0.1937 0.0753
"TCGA.LG.A9QC.01A.11R.A37K.07" 0.0266 0.027 0.0272 0.0562 0.0564 0.0551 0.6443 0.1072
"TCGA.LG.A9QD.01A.11R.A38B.07" 0.0969 0.0982 0.0974 0.0717 0.0717 0.0837 0.1508 0.3296
"TCGA.MI.A75C.01A.11R.A32O.07" 0.0194 0.0196 0.0196 0.1788 0.1774 0.2044 0.2271 0.1536
"TCGA.MI.A75E.01A.11R.A32O.07" 0.0448 0.0459 0.0461 0.2034 0.2023 0.1739 0.175 0.1086
"TCGA.MI.A75G.01A.11R.A32O.07" 3e-04 3e-04 3e-04 0.2243 0.2206 0.2548 0.1781 0.1213
"TCGA.MI.A75H.01A.11R.A32O.07" 0.1535 0.1589 0.1648 0.0618 0.0608 0.0552 0.1131 0.2319
"TCGA.MI.A75I.01A.11R.A32O.07" 0.0665 0.0841 0.0777 0.07 0.0692 0.0596 0.1769 0.396
"TCGA.MR.A520.01A.11R.A266.07" 6e-04 6e-04 6e-04 0.194 0.1951 0.1661 0.3679 0.0751
"TCGA.MR.A8JO.01A.12R.A36F.07" 0.1999 0.2115 0.2133 0.0296 0.0277 0.0268 0.1581 0.1331
"TCGA.NI.A4U2.01A.11R.A28V.07" 0.0629 0.079 0.0692 0.0984 0.098 0.0842 0.2182 0.2902
"TCGA.NI.A8LF.01A.11R.A36F.07" 0.0827 0.0813 0.0795 0.0748 0.0753 0.0647 0.2099 0.3317
"TCGA.O8.A75V.01A.11R.A32O.07" 0.0466 0.0525 0.0531 0.1046 0.1038 0.12 0.2618 0.2576
"TCGA.PD.A5DF.01A.11R.A27V.07" 0.029 0.0366 0.0379 0.0999 0.0988 0.1142 0.2596 0.324
"TCGA.QA.A7B7.01A.11R.A32O.07" 0.0662 0.0854 0.0748 0.1371 0.1365 0.1176 0.1156 0.2668
"TCGA.RC.A6M3.01A.11R.A32O.07" 0 0 0 0.1345 0.1303 0.1446 0.2852 0.3054
"TCGA.RC.A6M4.01A.11R.A32O.07" 0.0305 0.0312 0.0309 0.0949 0.0933 0.082 0.2582 0.3789
"TCGA.RC.A6M5.01A.11R.A32O.07" 0.0111 0.0111 0.0111 0.2468 0.246 0.2821 0.1278 0.0639
"TCGA.RC.A6M6.01A.11R.A32O.07" 0.0795 0.1106 0.0921 0.1027 0.0918 0.0886 0.1681 0.2664
"TCGA.RC.A7S9.01A.11R.A33R.07" 0.0288 0.0291 0.0293 0.182 0.1807 0.1566 0.1791 0.2143
"TCGA.RC.A7SB.01A.21R.A352.07" 0 0 0 0.1849 0.188 0.2052 0.3246 0.0973
"TCGA.RC.A7SF.01A.11R.A352.07" 0 0 0 0.1959 0.1982 0.2246 0.2011 0.1802
"TCGA.RC.A7SH.01A.11R.A38B.07" 0 0 0 0.1987 0.1948 0.2201 0.2106 0.1758
"TCGA.RC.A7SK.01A.11R.A352.07" 0 0 0 0.2019 0.2057 0.2264 0.3118 0.0543
"TCGA.RG.A7D4.01A.12R.A33R.07" 0.2654 0.2729 0.2684 0.0016 0.0016 0.0018 0.0265 0.1618
"TCGA.T1.A6J8.01A.11R.A32O.07" 0.0299 0.0317 0.0309 0.1303 0.1289 0.1116 0.442 0.0947
"TCGA.UB.A7MA.01A.11R.A33R.07" 0 0 0 0.1351 0.1307 0.1468 0.3086 0.2788
"TCGA.UB.A7MB.01A.11R.A33R.07" 0.0202 0.0213 0.021 0.1201 0.1235 0.1029 0.3356 0.2553
"TCGA.UB.A7MC.01A.11R.A33R.07" 0.0731 0.0688 0.0698 0.151 0.1581 0.1303 0.1539 0.195
"TCGA.UB.A7MD.01A.12R.A352.07" 0.1108 0.1254 0.1277 0.0665 0.068 0.0734 0.1719 0.2563
"TCGA.UB.A7ME.01A.11R.A33J.07" 0.1488 0.1629 0.1607 0.0744 0.0724 0.0825 0.0862 0.2121
"TCGA.UB.A7MF.01A.11R.A33J.07" 0.0943 0.0955 0.0969 0.1178 0.1173 0.1022 0.1123 0.2638
"TCGA.UB.AA0U.01A.11R.A38B.07" 0.1123 0.1159 0.1175 0.083 0.0821 0.0706 0.237 0.1816
"TCGA.UB.AA0V.01A.11R.A38B.07" 0.0832 0.084 0.0837 0.0813 0.0806 0.0691 0.2478 0.2704
"TCGA.WJ.A86L.01A.12R.A39D.07" 0.0282 0.0364 0.0401 0.1905 0.1949 0.2144 0.0688 0.2267
"TCGA.WQ.A9G7.01A.11R.A37K.07" 0 0 0 0.1949 0.1883 0.209 0.1465 0.2612
"TCGA.WQ.AB4B.01A.11R.A41C.07" 0.0206 0.0215 0.0213 0.1792 0.1792 0.209 0.2333 0.1359
"TCGA.WX.AA44.01A.11R.A39D.07" 0.0422 0.0539 0.0558 0.1843 0.1807 0.1573 0.1644 0.1614
"TCGA.WX.AA46.01A.11R.A39D.07" 0.083 0.0852 0.0848 0.0858 0.0851 0.0757 0.1152 0.3852
"TCGA.WX.AA47.01A.11R.A39D.07" 0.0227 0.0232 0.0229 0.1856 0.1834 0.162 0.2803 0.1198
"TCGA.XR.A8TC.01A.11R.A36F.07" 0.0345 0.0352 0.0355 0.1353 0.1337 0.116 0.3213 0.1886
"TCGA.XR.A8TD.01A.12R.A39D.07" 0.0838 0.1174 0.1072 0.1525 0.1536 0.1309 0.0765 0.178
"TCGA.XR.A8TE.01A.11R.A36F.07" 0.083 0.0849 0.0839 0.1316 0.1305 0.1476 0.2188 0.1197
"TCGA.XR.A8TF.01A.11R.A36F.07" 0.1248 0.1294 0.1265 0.1038 0.0978 0.1116 0.1147 0.1915
"TCGA.XR.A8TG.01A.11R.A36F.07" 0.0568 0.0606 0.0616 0.147 0.1516 0.1268 0.1381 0.2573
"TCGA.YA.A8S7.01A.11R.A37K.07" 0.0475 0.0512 0.0499 0.1302 0.1263 0.1479 0.1244 0.3225
"TCGA.ZP.A9CV.01A.11R.A38B.07" 0.0402 0.045 0.0452 0.1984 0.1963 0.1703 0.1902 0.1144
"TCGA.ZP.A9CY.01A.11R.A38B.07" 0.0157 0.0161 0.0159 0.2221 0.22 0.1909 0.1797 0.1397
"TCGA.ZP.A9CZ.01A.11R.A38B.07" 0.1418 0.1452 0.1463 0.0651 0.0641 0.0555 0.0993 0.2828
"TCGA.ZP.A9D0.01A.11R.A37K.07" 0.004 0.0043 0.0042 0.1819 0.1755 0.1563 0.3144 0.1593
"TCGA.ZP.A9D1.01A.11R.A38B.07" 0.1269 0.1468 0.1438 0.059 0.0588 0.0507 0.1785 0.2354
"TCGA.ZP.A9D2.01A.11R.A38B.07" 0.0773 0.0819 0.0794 0.1013 0.1018 0.0886 0.2818 0.188
"TCGA.ZP.A9D4.01A.11R.A37K.07" 0.0899 0.0871 0.0867 0.0654 0.0669 0.0561 0.2828 0.2652
"TCGA.ZS.A9CD.01A.11R.A37K.07" 0.0537 0.0596 0.0602 0.1438 0.1427 0.1644 0.2672 0.1084
"TCGA.ZS.A9CE.01A.11R.A37K.07" 0.0527 0.0568 0.0546 0.1142 0.1135 0.1008 0.156 0.3514
"TCGA.ZS.A9CF.01A.11R.A38B.07" 0.1459 0.1294 0.1211 0.0747 0.075 0.0643 0.1313 0.2585
"TCGA.ZS.A9CF.02A.11R.A38B.07" 0.1249 0.1309 0.1339 0.0615 0.061 0.0548 0.1859 0.2471
"TCGA.ZS.A9CG.01A.11R.A37K.07" 0.1184 0.1235 0.1207 0.0618 0.0612 0.0608 0.1477 0.3059
