"CD4_na" "CD4_cenm" "CD4_efm" "CD8_na" "CD8_cenm" "CD8_efm" "Treg" "T gamma delta"
"TCGA.05.4244.01A.01R.1107.07" 0.0385 0.0364 0.0375 0.1161 0.1098 0.0944 0.1533 0.4139
"TCGA.05.4249.01A.01R.1107.07" 0.0268 0.0322 0.0301 0.1179 0.126 0.1076 0.2409 0.3184
"TCGA.05.4250.01A.01R.1107.07" 0 0 0 0.1657 0.1453 0.1674 0.108 0.4136
"TCGA.05.4382.01A.01R.1206.07" 0.0318 0.0388 0.0384 0.1434 0.1227 0.138 0.0784 0.4084
"TCGA.05.4384.01A.01R.1755.07" 0 0 0 0.1396 0.1568 0.1293 0.2881 0.2862
"TCGA.05.4389.01A.01R.1206.07" 0.0865 0.1045 0.099 0.0735 0.0686 0.0809 0.0513 0.4358
"TCGA.05.4390.01A.02R.1755.07" 0 0 0 0.0564 0.0556 0.0516 0.3117 0.5247
"TCGA.05.4395.01A.01R.1206.07" 0.0598 0.072 0.0726 0.0476 0.0449 0.0542 0.1526 0.4963
"TCGA.05.4396.01A.21R.1858.07" 0.0437 0.0491 0.0501 0.0369 0.041 0.0381 0.3785 0.3625
"TCGA.05.4397.01A.01R.1206.07" 0.0686 0.0796 0.081 0 0 0 0.2075 0.5633
"TCGA.05.4398.01A.01R.1206.07" 0.0468 0.0539 0.056 0.0766 0.0725 0.0713 0.1254 0.4975
"TCGA.05.4402.01A.01R.1206.07" 0.0339 0.0371 0.0362 0.1266 0.115 0.1197 0.1994 0.3321
"TCGA.05.4403.01A.01R.1206.07" 0.0025 0.0028 0.0026 0.153 0.1452 0.17 0.1183 0.4056
"TCGA.05.4405.01A.21R.1858.07" 0.0242 0.0246 0.0249 0.0829 0.0947 0.0817 0.2658 0.4012
"TCGA.05.4410.01A.21R.1858.07" 0.1632 0.1932 0.1848 0.0477 0.0429 0.0464 0.0268 0.2949
"TCGA.05.4415.01A.22R.1858.07" 0 0 0 0.0518 0.0555 0.0474 0.21 0.6353
"TCGA.05.4417.01A.22R.1858.07" 0.1183 0.1196 0.1202 0.0944 0.1082 0.0937 0.1501 0.1955
"TCGA.05.4418.01A.01R.1206.07" 0.0542 0.0613 0.0604 0.0391 0.038 0.037 0.1256 0.5845
"TCGA.05.4420.01A.01R.1206.07" 0 0 0 0.1516 0.142 0.1389 0.2053 0.3622
"TCGA.05.4422.01A.01R.1206.07" 0.1641 0.1855 0.1971 0.066 0.0738 0.0645 0 0.249
"TCGA.05.4424.01A.22R.1858.07" 0.0741 0.0863 0.083 0.1639 0.1781 0.1568 0.168 0.0898
"TCGA.05.4425.01A.01R.1755.07" 0.0671 0.0709 0.0944 0.0953 0.0906 0.0839 0.282 0.2158
"TCGA.05.4426.01A.01R.1206.07" 0.0533 0.0612 0.0626 0.042 0.0464 0.0382 0.1981 0.4982
"TCGA.05.4427.01A.21R.1858.07" 0 0 0 0.1202 0.1223 0.1163 0.2525 0.3886
"TCGA.05.4430.01A.02R.1206.07" 0.0118 0.012 0.0122 0.2031 0.1741 0.1992 0.2175 0.17
"TCGA.05.4432.01A.01R.1206.07" 0.0498 0.0542 0.0522 0.0437 0.0463 0.0416 0.2441 0.4681
"TCGA.05.4433.01A.22R.1858.07" 0.0705 0.0756 0.0706 0.1351 0.1179 0.1125 0.1027 0.3152
"TCGA.05.4434.01A.01R.1206.07" 0.2427 0.241 0.2359 0.0318 0.0287 0.0305 0.0198 0.1697
"TCGA.05.5420.01A.01R.1628.07" 0.1427 0.1349 0.1387 0.1126 0.0988 0.1175 0 0.2549
"TCGA.05.5423.01A.01R.1628.07" 0.0467 0.0584 0.0516 0.1738 0.1707 0.1582 0.1386 0.2021
"TCGA.05.5425.01A.02R.1628.07" 0.1327 0.1491 0.1455 0.1222 0.1105 0.1176 0.0454 0.1769
"TCGA.05.5428.01A.01R.1628.07" 0 0 0 0.2102 0.199 0.2177 0.1255 0.2475
"TCGA.05.5429.01A.01R.1628.07" 0 0 0 0.0919 0.0923 0.0852 0.2721 0.4585
"TCGA.05.5715.01A.01R.1628.07" 0.0472 0.0446 0.0456 0.0948 0.1027 0.09 0.1742 0.4007
"TCGA.35.3615.01A.01R.0946.07" 0 0 0 0.0559 0.0536 0.0591 0.3008 0.5306
"TCGA.35.4122.01A.01R.1107.07" 0 0 0 0.2175 0.1934 0.2294 0.0775 0.2822
"TCGA.35.4123.01A.01R.1107.07" 0.0195 0.0184 0.018 0.1226 0.1063 0.117 0.1034 0.4947
"TCGA.35.5375.01A.01R.1628.07" 0 0 0 0.137 0.1344 0.1272 0.1434 0.4579
"TCGA.38.4625.11A.01R.1758.07" 0.0714 0.0834 0.0815 0.1782 0.1537 0.1736 0.0536 0.2045
"TCGA.38.4625.01A.01R.1206.07" 0.0726 0.0456 0.0457 0.0606 0.0714 0.0546 0.2088 0.4408
"TCGA.38.4626.11A.01R.1758.07" 0.0791 0.0971 0.0934 0.1795 0.1538 0.171 0.0011 0.225
"TCGA.38.4626.01A.01R.1206.07" 0 0 0 0.1674 0.1451 0.1625 0.1697 0.3552
"TCGA.38.4627.11A.01R.1758.07" 0.0513 0.0599 0.059 0.1847 0.1586 0.1788 0.0875 0.2203
"TCGA.38.4627.01A.01R.1206.07" 0 0 0 0.1786 0.1534 0.1775 0.1862 0.3044
"TCGA.38.4628.01A.01R.1206.07" 0 0 0 0.1579 0.1405 0.1509 0.1632 0.3875
"TCGA.38.4629.01A.02R.1206.07" 0 0 0 0.1743 0.1501 0.1685 0.0934 0.4138
"TCGA.38.4630.01A.01R.1206.07" 0 0 0 0.1138 0.0999 0.1294 0.3744 0.2825
"TCGA.38.4631.01A.01R.1755.07" 0 0 0 0.0575 0.0612 0.053 0.3157 0.5126
"TCGA.38.4632.11A.01R.1755.07" 0.1076 0.1034 0.1279 0.1928 0.1534 0.1736 0.0376 0.1038
"TCGA.38.4632.01A.01R.1755.07" 0.0554 0.0619 0.0603 0.1265 0.1148 0.1172 0.2054 0.2586
"TCGA.38.6178.01A.11R.1755.07" 0.0319 0.0336 0.0327 0.1473 0.1638 0.1429 0.3376 0.1102
"TCGA.38.7271.01A.11R.2039.07" 0.27 0.277 0.2729 0.0606 0.0521 0.0611 0.0063 0
"TCGA.38.A44F.01A.11R.A24H.07" 0.1961 0.2251 0.2106 0.0469 0.0404 0.0457 0.0617 0.1734
"TCGA.44.2655.11A.01R.1758.07" 0.0919 0.1075 0.1088 0.1174 0.1013 0.1129 0.1597 0.2005
"TCGA.44.2655.01A.01R.0946.07" 0.1509 0.1758 0.1736 0.0313 0.0318 0.0274 0.1397 0.2694
"TCGA.44.2656.01A.02R.0946.07" 0.1334 0.1319 0.1188 0.1188 0.1076 0.118 0.0587 0.2128
"TCGA.44.2657.11A.01R.1758.07" 0.2216 0.2288 0.2234 0.087 0.075 0.0857 0.0397 0.0388
"TCGA.44.2657.01A.01R.1107.07" 0.2531 0.2338 0.2288 0.0488 0.0419 0.0482 0.0447 0.1007
"TCGA.44.2659.01A.01R.0946.07" 0.1018 0.1068 0.1048 0.1294 0.1117 0.1268 0.1034 0.2154
"TCGA.44.2661.11A.01R.1758.07" 0.0852 0.0874 0.0879 0.1745 0.1516 0.1711 0.1113 0.1311
"TCGA.44.2661.01A.01R.1107.07" 0.1214 0.1143 0.1169 0.1423 0.1545 0.14 0.0749 0.1357
"TCGA.44.2662.11A.01R.1758.07" 0.128 0.148 0.1486 0.0796 0.0669 0.075 0.1479 0.206
"TCGA.44.2662.01A.01R.0946.07" 0 0 0 0.1699 0.1573 0.1792 0.145 0.3487
"TCGA.44.2665.11A.01R.1758.07" 0.049 0.0583 0.0617 0.1465 0.1268 0.1439 0.1751 0.2389
"TCGA.44.2665.01A.01R.0946.07" 0.0868 0.0877 0.0885 0.0737 0.0635 0.073 0.1175 0.4093
"TCGA.44.2666.01A.01R.0946.07" 0 0 0 0.037 0.0325 0.0346 0.3053 0.5906
"TCGA.44.2668.11A.01R.1758.07" 0.1053 0.1278 0.1197 0.1477 0.127 0.142 0.021 0.2095
"TCGA.44.2668.01A.01R.0946.07" 0.0949 0.097 0.0962 0.0507 0.0574 0.0502 0.2085 0.3451
"TCGA.44.3396.11A.01R.1758.07" 0.1241 0.1353 0.1413 0.1526 0.132 0.1486 0.054 0.1121
"TCGA.44.3396.01A.01R.1206.07" 0.1775 0.1814 0.1802 0.0651 0.0576 0.0642 0.1311 0.143
"TCGA.44.3398.11B.01R.1758.07" 0.1178 0.1215 0.1225 0.1121 0.0964 0.1089 0.0998 0.2209
"TCGA.44.3398.01A.01R.1107.07" 0 0 0 0.1519 0.1692 0.149 0.1845 0.3453
"TCGA.44.3918.01A.01R.1107.07" 0.1642 0.1575 0.1519 0.0854 0.0754 0.0824 0 0.2832
"TCGA.44.3919.01A.02R.1107.07" 0.1636 0.1839 0.1766 0.0595 0.0515 0.0577 0.0979 0.2092
"TCGA.44.4112.01A.01R.1107.07" 0 0 0 0.0852 0.0752 0.086 0.3178 0.4359
"TCGA.44.5643.01A.01R.1628.07" 0.1963 0.1727 0.1638 0.0298 0.0277 0.0306 0.1692 0.21
"TCGA.44.5644.01A.21R.2039.07" 0 0 0 0.0475 0.0427 0.0419 0.3635 0.5044
"TCGA.44.5645.11A.01R.1628.07" 0.1155 0.1207 0.1223 0.116 0.1004 0.111 0.1081 0.2058
"TCGA.44.5645.01A.01R.1628.07" 0.225 0.244 0.2276 0.0373 0.0412 0.037 0.0817 0.1063
"TCGA.44.6144.11A.01R.1755.07" 0.0991 0.1089 0.1133 0.1306 0.1136 0.1263 0.126 0.1822
"TCGA.44.6145.11A.01R.1858.07" 0.1086 0.1187 0.1108 0.1249 0.1072 0.1201 0.1122 0.1975
"TCGA.44.6145.01A.11R.1755.07" 0.112 0.1157 0.1139 0.1462 0.1657 0.1429 0.0452 0.1584
"TCGA.44.6146.11A.01R.1858.07" 0.1104 0.1127 0.1139 0.1464 0.1305 0.1444 0.1123 0.1292
"TCGA.44.6146.01A.11R.1755.07" 0 0 0 0.0692 0.0592 0.0575 0.3902 0.424
"TCGA.44.6147.11A.01R.1858.07" 0.2243 0.2188 0.2077 0.0233 0.0207 0.0186 0.2673 0.0193
"TCGA.44.6147.01A.11R.1755.07" 0.1307 0.1493 0.1323 0.1806 0.1548 0.1752 0.0734 0.0037
"TCGA.44.6148.11A.01R.1858.07" 0.1114 0.1157 0.117 0.1121 0.0962 0.1086 0.147 0.192
"TCGA.44.6148.01A.11R.1755.07" 0.0309 0.0319 0.0324 0.112 0.0966 0.1091 0.3573 0.2298
"TCGA.44.6774.01A.21R.1858.07" 0.0672 0.0672 0.0672 0.0713 0.0611 0.0713 0.2361 0.3587
"TCGA.44.6775.01A.11R.1858.07" 0.0375 0.038 0.0384 0.1406 0.1609 0.1389 0.2147 0.2308
"TCGA.44.6776.11A.01R.1858.07" 0.0666 0.0824 0.0838 0.1499 0.1273 0.141 0.1764 0.1726
"TCGA.44.6776.01A.11R.1858.07" 0.0288 0.0335 0.0353 0.0839 0.0711 0.0714 0.2095 0.4665
"TCGA.44.6777.11A.01R.1858.07" 0.148 0.1537 0.1555 0.1147 0.0983 0.1114 0.0695 0.1488
"TCGA.44.6777.01A.11R.1858.07" 0.0604 0.061 0.0616 0.1774 0.1552 0.1758 0.0809 0.2277
"TCGA.44.6778.11A.01R.1858.07" 0.2098 0.2274 0.2384 0.0703 0.0593 0.0663 0.1286 0
"TCGA.44.6778.01A.11R.1858.07" 0.2056 0.2488 0.2275 0.0638 0.0552 0.0647 0.0468 0.0876
"TCGA.44.6779.01A.11R.1858.07" 0.0318 0.0338 0.0327 0.1903 0.2188 0.1857 0.0838 0.2232
"TCGA.44.7659.01A.11R.2066.07" 0.0941 0.0812 0.079 0.0384 0.0348 0.0391 0.1524 0.4811
"TCGA.44.7660.01A.11R.2066.07" 0.0082 0.0095 0.0101 0.0716 0.0629 0.0747 0.3777 0.3853
"TCGA.44.7661.01A.11R.2066.07" 0.094 0.0975 0.0964 0.0567 0.0498 0.0562 0.1925 0.3569
"TCGA.44.7662.01A.11R.2066.07" 0.0508 0.0511 0.0513 0.0578 0.0668 0.0575 0.245 0.4197
"TCGA.44.7667.01A.31R.2066.07" 0 0 0 0.0627 0.0629 0.0701 0.1758 0.6284
"TCGA.44.7669.01A.21R.2066.07" 0.09 0.1078 0.113 0.0975 0.0969 0.084 0.1966 0.2142
"TCGA.44.7670.01A.11R.2066.07" 0.0533 0.0635 0.0585 0.068 0.0667 0.0603 0.1947 0.435
"TCGA.44.7671.01A.11R.2066.07" 0 0 0 0.2404 0.2137 0.2074 0.1541 0.1845
"TCGA.44.7672.01A.11R.2066.07" 0.1838 0.1856 0.1871 0.0567 0.0645 0.0562 0.0681 0.198
"TCGA.44.8117.01A.11R.2241.07" 0 0 0 0.2297 0.2913 0.1829 0.1765 0.1196
"TCGA.44.8119.01A.11R.2241.07" 0 0 0 0.0639 0.074 0.0633 0.2741 0.5247
"TCGA.44.8120.01A.11R.2241.07" 0.0105 0.011 0.0109 0.2397 0.2725 0.2321 0.1801 0.0432
"TCGA.44.A479.01A.31R.A24H.07" 0.2469 0.2527 0.2501 0.0199 0.0228 0.0198 0.1341 0.0537
"TCGA.44.A47A.01A.21R.A24H.07" 0.1184 0.1395 0.1445 0.0504 0.0436 0.0513 0.1472 0.305
"TCGA.44.A47B.01A.11R.A24H.07" 0 0 0 0.1433 0.161 0.1298 0.2301 0.3358
"TCGA.44.A47G.01A.21R.A24H.07" 0.1645 0.1597 0.1466 0.1377 0.1218 0.1371 0.0518 0.0808
"TCGA.44.A4SS.01A.11R.A24X.07" 0.1017 0.1029 0.1045 0.1174 0.1288 0.113 0.1642 0.1674
"TCGA.44.A4SU.01A.11R.A24X.07" 0.1145 0.1344 0.1417 0.0274 0.0276 0.0243 0.2521 0.2779
"TCGA.49.4486.01A.01R.1206.07" 0.061 0.0723 0.0744 0.0493 0.0471 0.053 0.1221 0.5208
"TCGA.49.4487.01A.21R.1858.07" 0.1575 0.1933 0.1901 0.1055 0.1168 0.1015 0.0341 0.1011
"TCGA.49.4488.01A.01R.1755.07" 0 0 0 0.1616 0.1514 0.1467 0.1097 0.4306
"TCGA.49.4490.11A.01R.1858.07" 0.0286 0.0264 0.0265 0.2384 0.2005 0.2003 0.1097 0.1697
"TCGA.49.4490.01A.21R.1858.07" 0.0163 0.0188 0.0207 0.1131 0.1258 0.1005 0.3001 0.3046
"TCGA.49.4494.01A.01R.1206.07" 0.0566 0.0636 0.0706 0.0465 0.0426 0.0489 0.186 0.4852
"TCGA.49.4501.01A.01R.1206.07" 0.1268 0.1508 0.1447 0.1271 0.1351 0.123 0.0991 0.0934
"TCGA.49.4505.01A.01R.1206.07" 0.0313 0.0358 0.0327 0.1467 0.1543 0.1432 0.1382 0.3178
"TCGA.49.4506.01A.01R.1206.07" 0 0 0 0.1876 0.187 0.1458 0.1067 0.373
"TCGA.49.4507.01A.01R.1206.07" 0.0704 0.0823 0.0891 0.0343 0.0298 0.0373 0 0.6569
"TCGA.49.4510.01A.01R.1206.07" 0 0 0 0.2491 0.2316 0.2756 0.1248 0.1189
"TCGA.49.4512.11A.01R.1858.07" 0.0271 0.031 0.0291 0.1749 0.1867 0.1786 0.0991 0.2734
"TCGA.49.4512.01A.21R.1858.07" 0.0301 0.0317 0.0315 0.1332 0.1144 0.1325 0.1595 0.3671
"TCGA.49.4514.01A.21R.1858.07" 0.1098 0.1238 0.1407 0.0878 0.0839 0.0737 0 0.3803
"TCGA.49.6742.11A.01R.1858.07" 0.0329 0.0392 0.0378 0.1568 0.1704 0.1539 0.1263 0.2827
"TCGA.49.6742.01A.11R.1858.07" 0 0 0 0.1158 0.1042 0.1026 0.2987 0.3786
"TCGA.49.6743.11A.01R.1858.07" 0.0245 0.0251 0.0254 0.1692 0.1449 0.1615 0.1993 0.2499
"TCGA.49.6743.01A.11R.1858.07" 0.0243 0.0254 0.0256 0.0719 0.081 0.0688 0.2691 0.4339
"TCGA.49.6744.11A.01R.1858.07" 0.0806 0.0852 0.0836 0.1351 0.1213 0.1309 0.1595 0.2038
"TCGA.49.6744.01A.11R.1858.07" 0.1216 0.127 0.1236 0.1498 0.1287 0.1476 0.0921 0.1096
"TCGA.49.6745.11A.01R.1858.07" 0.0497 0.0476 0.0478 0.2123 0.1798 0.1798 0.0862 0.1968
"TCGA.49.6745.01A.11R.1858.07" 0.089 0.094 0.0919 0.1044 0.0931 0.1026 0.1756 0.2494
"TCGA.49.6761.11A.01R.1949.07" 0.1154 0.1281 0.1207 0.0915 0.0786 0.0877 0.1286 0.2494
"TCGA.49.6761.01A.31R.1949.07" 0.0435 0.0456 0.0467 0.0372 0.033 0.0355 0.1559 0.6026
"TCGA.49.6767.01A.11R.1858.07" 0.0567 0.0657 0.0664 0.0488 0.0445 0.0439 0.1504 0.5234
"TCGA.49.AAQV.01A.11R.A39D.07" 0.1876 0.2169 0.2093 0.0223 0.0222 0.0198 0.0579 0.264
"TCGA.49.AAR0.01A.21R.A39D.07" 0.181 0.208 0.1937 0.0509 0.0472 0.0474 0.0827 0.189
"TCGA.49.AAR2.01A.11R.A39D.07" 0.1421 0.1643 0.1735 0.0375 0.0356 0.0353 0 0.4116
"TCGA.49.AAR3.01A.11R.A41B.07" 0.1221 0.1304 0.1275 0.0369 0.0412 0.0366 0.041 0.4643
"TCGA.49.AAR4.01A.12R.A41B.07" 0.2368 0.2199 0.2226 0.0397 0.0442 0.0387 0.0377 0.1604
"TCGA.49.AAR9.01A.21R.A41B.07" 0.0718 0.0802 0.0742 0.054 0.0567 0.0528 0.1796 0.4307
"TCGA.49.AARE.01A.11R.A41B.07" 0.056 0.0643 0.0669 0.0674 0.0694 0.0637 0.1277 0.4846
"TCGA.49.AARN.01A.21R.A41B.07" 0.1089 0.1202 0.1168 0.035 0.0303 0.0339 0.1552 0.3997
"TCGA.49.AARO.01A.12R.A41B.07" 0.151 0.1771 0.1808 0.0673 0.0578 0.066 0.0867 0.2133
"TCGA.49.AARQ.01A.11R.A41B.07" 0.0667 0.0739 0.0763 0.0385 0.0435 0.0372 0.1611 0.503
"TCGA.49.AARR.01A.11R.A41B.07" 0.138 0.1586 0.1565 0.0814 0.0698 0.0789 0.1117 0.2051
"TCGA.4B.A93V.01A.11R.A39D.07" 0 0 0 0.0591 0.0517 0.0586 0.2275 0.6031
"TCGA.50.5044.01A.21R.1858.07" 0.0057 0.0064 0.0058 0.1079 0.0936 0.1048 0.2147 0.4612
"TCGA.50.5045.01A.01R.1628.07" 0.1614 0.1646 0.1658 0.0976 0.0839 0.0956 0.0907 0.1405
"TCGA.50.5049.01A.01R.1628.07" 0.1522 0.1848 0.1957 0.1003 0.083 0.0882 0.0637 0.1321
"TCGA.50.5051.01A.21R.1858.07" 0.0077 0.0087 0.0084 0.051 0.0469 0.0454 0.5684 0.2635
"TCGA.50.5055.01A.01R.1628.07" 0.2386 0.2424 0.2462 0.0722 0.0783 0.0729 0 0.0494
"TCGA.50.5066.01A.01R.1628.07" 0.0516 0.0481 0.049 0.1425 0.1291 0.1491 0.0565 0.3741
"TCGA.50.5066.02A.11R.2090.07" 0.055 0.067 0.0651 0.0806 0.089 0.0729 0.295 0.2755
"TCGA.50.5068.01A.01R.1628.07" 0.0367 0.0354 0.0366 0.159 0.1562 0.1616 0.1446 0.2698
"TCGA.50.5072.01A.21R.1858.07" 0 0 0 0.194 0.168 0.2028 0.1969 0.2384
"TCGA.50.5930.11A.01R.1755.07" 0.0603 0.0663 0.0685 0.1311 0.1165 0.1282 0.1379 0.2912
"TCGA.50.5930.01A.11R.1755.07" 0.0321 0.0333 0.0335 0.1663 0.1868 0.1638 0.1185 0.2656
"TCGA.50.5931.11A.01R.1858.07" 0.1047 0.121 0.1118 0.0885 0.0759 0.084 0.1558 0.2583
"TCGA.50.5931.01A.11R.1755.07" 0 0 0 0.0688 0.0747 0.07 0.2136 0.5729
"TCGA.50.5932.11A.01R.1755.07" 0.108 0.112 0.1106 0.1087 0.0933 0.1054 0.1324 0.2296
"TCGA.50.5932.01A.11R.1755.07" 0 0 0 0.0679 0.0638 0.069 0.2086 0.5908
"TCGA.50.5933.11A.01R.1755.07" 0.1463 0.1528 0.153 0.0847 0.0707 0.0661 0.1418 0.1846
"TCGA.50.5933.01A.11R.1755.07" 0.0172 0.0175 0.0178 0.1498 0.1314 0.148 0.1644 0.3539
"TCGA.50.5935.11A.01R.1858.07" 0.0758 0.0834 0.0865 0.1473 0.1279 0.1426 0.1446 0.192
"TCGA.50.5935.01A.11R.1755.07" 0.1547 0.1824 0.1717 0.0215 0.0228 0.0205 0.1588 0.2675
"TCGA.50.5936.11A.01R.1628.07" 0.1154 0.1258 0.1324 0.1032 0.0873 0.0979 0.153 0.185
"TCGA.50.5936.01A.11R.1628.07" 0.0197 0.0223 0.0233 0.1319 0.1423 0.1267 0.2483 0.2856
"TCGA.50.5939.11A.01R.1628.07" 0.0761 0.079 0.0798 0.1286 0.1104 0.1239 0.1701 0.232
"TCGA.50.5939.01A.11R.1628.07" 0.1125 0.1167 0.1132 0.0725 0.0657 0.0702 0.0555 0.3936
"TCGA.50.5941.01A.11R.1755.07" 0.1707 0.1766 0.1799 0.0523 0.0466 0.0514 0.0739 0.2487
"TCGA.50.5942.01A.21R.1755.07" 0.0474 0.0491 0.0508 0.0678 0.058 0.0661 0.2964 0.3644
"TCGA.50.5944.01A.11R.1755.07" 0.0026 0.0027 0.0027 0.2249 0.2418 0.2192 0.162 0.144
"TCGA.50.5946.01A.11R.1755.07" 0.0104 0.0121 0.013 0.0509 0.0503 0.0466 0.378 0.4387
"TCGA.50.5946.02A.11R.2090.07" 0.0425 0.0432 0.0435 0.0707 0.0812 0.0702 0.3592 0.2896
"TCGA.50.6590.01A.12R.1858.07" 0.1238 0.1477 0.1387 0.0618 0.0539 0.0637 0.0282 0.3822
"TCGA.50.6591.01A.11R.1755.07" 0 0 0 0.1422 0.1349 0.1228 0.1766 0.4235
"TCGA.50.6592.01A.11R.1755.07" 0.0981 0.1052 0.102 0.0358 0.0316 0.0388 0.1313 0.4572
"TCGA.50.6593.01A.11R.1755.07" 0.0373 0.038 0.0383 0.1241 0.1067 0.121 0.1266 0.408
"TCGA.50.6594.01A.11R.1755.07" 0.07 0.0838 0.072 0.0416 0.0463 0.0395 0.1311 0.5157
"TCGA.50.6595.11A.01R.1858.07" 0.1474 0.1716 0.1784 0.0861 0.0745 0.0835 0.109 0.1496
"TCGA.50.6595.01A.12R.1858.07" 0.0615 0.0624 0.0621 0.0475 0.0408 0.0471 0.1813 0.4972
"TCGA.50.6597.01A.11R.1858.07" 0.1599 0.1942 0.2056 0.0271 0.0273 0.0272 0.0784 0.2803
"TCGA.50.6673.01A.11R.1949.07" 0 0 0 0.1074 0.0909 0.0924 0.3536 0.3557
"TCGA.50.7109.01A.11R.2039.07" 0.0518 0.0583 0.0545 0.0473 0.0429 0.0458 0.286 0.4135
"TCGA.50.8457.01A.11R.2326.07" 0.2106 0.2053 0.204 0.0754 0.0649 0.0741 0.0607 0.1052
"TCGA.50.8459.01A.11R.2326.07" 0.1312 0.1326 0.1333 0.0873 0.075 0.087 0.0959 0.2577
"TCGA.50.8460.01A.11R.2326.07" 0.1967 0.2088 0.2031 0.0071 0.0061 0.007 0.1175 0.2537
"TCGA.53.7624.01A.11R.2066.07" 0 0 0 0.0601 0.0631 0.0545 0.4135 0.4089
"TCGA.53.7626.01A.12R.2066.07" 0.1679 0.1971 0.1901 0.102 0.0916 0.1002 0.0571 0.0941
"TCGA.53.7813.01A.11R.2170.07" 0.0442 0.0488 0.0526 0.0394 0.0363 0.0397 0.3079 0.4313
"TCGA.53.A4EZ.01A.12R.A24X.07" 0.0639 0.0727 0.0694 0.0515 0.0515 0.0496 0.2342 0.4072
"TCGA.55.1592.01A.01R.0946.07" 0 0 0 0.137 0.143 0.1227 0.3247 0.2726
"TCGA.55.1594.01A.01R.0946.07" 0.0372 0.0444 0.0415 0.1002 0.103 0.0966 0.1584 0.4188
"TCGA.55.1595.01A.01R.0946.07" 0.0075 0.0077 0.0075 0.1813 0.1576 0.175 0.2086 0.2548
"TCGA.55.1596.01A.01R.0946.07" 0 0 0 0.0819 0.0854 0.0746 0.3323 0.4259
"TCGA.55.5899.01A.11R.1628.07" 0 0 0 0.21 0.232 0.2052 0.1599 0.1928
"TCGA.55.6543.01A.11R.1755.07" 0.01 0.011 0.0102 0.1295 0.119 0.1194 0.2654 0.3355
"TCGA.55.6642.01A.11R.1858.07" 0.0878 0.0888 0.0893 0.0362 0.0416 0.036 0.147 0.4732
"TCGA.55.6712.01A.11R.1858.07" 0.1488 0.1481 0.1435 0.1224 0.1087 0.1216 0.0501 0.1568
"TCGA.55.6968.11A.01R.1949.07" 0.1571 0.1636 0.1652 0.1092 0.0939 0.1059 0.0843 0.1209
"TCGA.55.6968.01A.11R.1949.07" 0.1127 0.1183 0.1149 0.0513 0.0591 0.0464 0.0238 0.4735
"TCGA.55.6969.11A.01R.1949.07" 0.1549 0.1717 0.1797 0.1104 0.095 0.1064 0.0912 0.0907
"TCGA.55.6969.01A.11R.1949.07" 0.1355 0.1388 0.1401 0.0189 0.021 0.0185 0.1193 0.408
"TCGA.55.6970.11A.01R.1949.07" 0.1819 0.1881 0.1836 0.1032 0.0887 0.1001 0.1005 0.054
"TCGA.55.6970.01A.11R.1949.07" 0.1234 0.1485 0.1482 0.0465 0.0487 0.0497 0.2355 0.1997
"TCGA.55.6971.11A.01R.1949.07" 0.0721 0.0784 0.0816 0.137 0.1178 0.1319 0.1567 0.2245
"TCGA.55.6971.01A.11R.1949.07" 0.2619 0.2687 0.2653 0.0221 0.0193 0.0215 0.0325 0.1086
"TCGA.55.6972.11A.01R.1949.07" 0.1469 0.1507 0.1529 0.0985 0.0849 0.0952 0.1098 0.161
"TCGA.55.6972.01A.11R.1949.07" 0 0 0 0.0701 0.0673 0.0749 0.1956 0.592
"TCGA.55.6975.11A.01R.1949.07" 0.0663 0.0681 0.0684 0.1474 0.1269 0.1419 0.1589 0.2221
"TCGA.55.6975.01A.11R.1949.07" 0.0151 0.0153 0.0152 0.1265 0.1449 0.1256 0.1367 0.4206
"TCGA.55.6978.11A.01R.1949.07" 0.1611 0.1727 0.1622 0.0969 0.0832 0.0932 0.0931 0.1376
"TCGA.55.6978.01A.11R.1949.07" 0.0949 0.0968 0.0961 0.1003 0.0863 0.0993 0.1191 0.3072
"TCGA.55.6979.11A.01R.1949.07" 0.1257 0.1525 0.143 0.121 0.1047 0.1184 0.0959 0.1388
"TCGA.55.6979.01A.11R.1949.07" 0.1419 0.1491 0.1469 0.0821 0.0712 0.08 0.1237 0.205
"TCGA.55.6980.11A.01R.1949.07" 0.1767 0.1836 0.1856 0.0724 0.0623 0.0702 0.0974 0.1519
"TCGA.55.6980.01A.11R.1949.07" 0.0348 0.0359 0.0358 0.1813 0.1576 0.1775 0.1368 0.2404
"TCGA.55.6981.11A.01R.1949.07" 0.0604 0.0657 0.0686 0.1726 0.1491 0.1651 0.1543 0.1642
"TCGA.55.6981.01A.11R.1949.07" 0.0458 0.0528 0.059 0.0458 0.0494 0.0431 0.3373 0.3667
"TCGA.55.6982.11A.01R.1949.07" 0.1994 0.206 0.2076 0.0771 0.0666 0.0757 0.0594 0.1082
"TCGA.55.6982.01A.11R.1949.07" 0 0 0 0.1164 0.1024 0.1153 0.2481 0.4178
"TCGA.55.6983.11A.01R.1949.07" 0.0669 0.0741 0.0752 0.1679 0.1444 0.1636 0.1103 0.1976
"TCGA.55.6983.01A.11R.1949.07" 0.1694 0.1944 0.1966 0.0836 0.0928 0.0821 0.0787 0.1024
"TCGA.55.6984.11A.01R.1949.07" 0.042 0.0502 0.0486 0.193 0.203 0.1849 0.1014 0.1769
"TCGA.55.6984.01A.11R.1949.07" 0.0506 0.0558 0.0521 0.04 0.0382 0.0422 0.26 0.4611
"TCGA.55.6985.11A.01R.1949.07" 0.0957 0.1008 0.101 0.1642 0.141 0.1577 0.1352 0.1044
"TCGA.55.6985.01A.11R.1949.07" 0.1034 0.1097 0.1059 0.0865 0.0748 0.0838 0.1725 0.2633
"TCGA.55.6986.11A.01R.1949.07" 0.14 0.161 0.1683 0.0835 0.072 0.0798 0.1363 0.1591
"TCGA.55.6986.01A.11R.1949.07" 0.0385 0.0437 0.0403 0.0799 0.0703 0.0818 0.1723 0.4731
"TCGA.55.6987.01A.11R.1949.07" 0.206 0.22 0.2158 0.0284 0.0244 0.0281 0.0019 0.2754
"TCGA.55.7227.01A.11R.2039.07" 0.1265 0.1329 0.1293 0.0848 0.0728 0.0834 0.1351 0.2352
"TCGA.55.7281.01A.11R.2039.07" 0.028 0.0269 0.0277 0.1116 0.1255 0.1096 0.1805 0.3903
"TCGA.55.7283.01A.11R.2039.07" 0.0721 0.0805 0.0816 0.0979 0.102 0.0886 0.1044 0.373
"TCGA.55.7284.01B.11R.2241.07" 0.0253 0.0281 0.0258 0.1043 0.1084 0.0993 0.2564 0.3524
"TCGA.55.7570.01A.11R.2039.07" 0 0 0 0.1695 0.1756 0.1809 0.2375 0.2364
"TCGA.55.7573.01A.11R.2039.07" 0.1403 0.166 0.1528 0.0861 0.0739 0.084 0.1069 0.1901
"TCGA.55.7574.01A.11R.2039.07" 0.212 0.245 0.2427 0.0765 0.066 0.0758 0.082 0
"TCGA.55.7576.01A.11R.2066.07" 0.0189 0.0219 0.0234 0.1139 0.1205 0.1041 0.2859 0.3114
"TCGA.55.7724.01A.11R.2170.07" 0.1129 0.1113 0.1101 0.1289 0.1143 0.1237 0.2988 0
"TCGA.55.7725.01A.11R.2170.07" 0.2038 0.2175 0.2261 0.0307 0.0264 0.0302 0.2076 0.0577
"TCGA.55.7726.01A.11R.2170.07" 0.0455 0.0459 0.0461 0.0686 0.0788 0.0682 0.2955 0.3516
"TCGA.55.7727.01A.11R.2170.07" 0.1681 0.2005 0.1856 0.0302 0.0283 0.0281 0.2758 0.0833
"TCGA.55.7728.01A.11R.2187.07" 0.1923 0.2111 0.2214 0.0347 0.0299 0.035 0 0.2756
"TCGA.55.7815.01A.11R.2170.07" 0.1832 0.1865 0.1894 0.0507 0.0578 0.0491 0.2832 0
"TCGA.55.7816.01A.11R.2170.07" 0.058 0.0599 0.0594 0.14 0.1214 0.1392 0.1613 0.2608
"TCGA.55.7903.01A.11R.2170.07" 0.0307 0.0366 0.0416 0.0288 0.0259 0.0272 0.175 0.6342
"TCGA.55.7907.01A.11R.2170.07" 0.0388 0.0448 0.0473 0.1274 0.1354 0.1215 0.2272 0.2577
"TCGA.55.7910.01A.11R.2170.07" 0 0 0 0.0681 0.0722 0.0635 0.6714 0.1248
"TCGA.55.7911.01A.11R.2170.07" 0.1803 0.2113 0.2152 0.035 0.037 0.0322 0.0906 0.1983
"TCGA.55.7913.01B.11R.2241.07" 0.0615 0.0752 0.0772 0.0547 0.0523 0.0488 0.1677 0.4625
"TCGA.55.7914.01A.11R.2170.07" 0.08 0.0853 0.0815 0.0437 0.0376 0.0427 0.182 0.4473
"TCGA.55.7994.01A.11R.2187.07" 0.1456 0.1704 0.1898 0.0274 0.0238 0.0266 0.1291 0.2874
"TCGA.55.7995.01A.11R.2187.07" 0.1834 0.2108 0.2183 0.0676 0.0707 0.0645 0 0.1847
"TCGA.55.8085.01A.11R.2241.07" 0.1603 0.177 0.1781 0.0198 0.0201 0.0174 0.0058 0.4215
"TCGA.55.8087.01A.11R.2241.07" 0.0413 0.0514 0.0466 0.0971 0.1076 0.0909 0.1889 0.3761
"TCGA.55.8089.01A.11R.2241.07" 0.1284 0.1378 0.1343 0.0626 0.0688 0.0612 0.1031 0.3039
"TCGA.55.8090.01A.11R.2241.07" 0.0154 0.0181 0.0176 0.0713 0.076 0.0651 0.2203 0.5163
"TCGA.55.8091.01A.11R.2241.07" 0.0612 0.0625 0.0634 0.1603 0.1405 0.1588 0.1547 0.1986
"TCGA.55.8092.01A.11R.2241.07" 0.1246 0.1399 0.1305 0.03 0.0339 0.0294 0.1027 0.409
"TCGA.55.8094.01A.11R.2241.07" 0 0 0 0.0704 0.0639 0.0646 0.2191 0.5821
"TCGA.55.8096.01A.11R.2241.07" 0.0325 0.0332 0.0337 0.1238 0.1382 0.1213 0.1629 0.3544
"TCGA.55.8097.01A.11R.2241.07" 0.0994 0.1199 0.1219 0.1149 0.1043 0.1058 0.2149 0.1189
"TCGA.55.8203.01A.11R.2241.07" 0.1273 0.1447 0.1594 0.0209 0.0222 0.02 0.1361 0.3694
"TCGA.55.8204.01A.11R.2241.07" 0 0 0 0.0726 0.0674 0.0666 0.291 0.5024
"TCGA.55.8205.01A.11R.2241.07" 0.128 0.1372 0.1338 0.1031 0.092 0.1009 0.0257 0.2793
"TCGA.55.8206.01A.11R.2241.07" 0.1178 0.1379 0.1399 0.072 0.0619 0.0703 0.1635 0.2367
"TCGA.55.8207.01A.11R.2241.07" 0.0061 0.0072 0.0072 0.131 0.1412 0.1278 0.2293 0.3503
"TCGA.55.8208.01A.11R.2241.07" 0.1876 0.1961 0.1935 0.0744 0.0662 0.0739 0.0791 0.1292
"TCGA.55.8299.01A.11R.2287.07" 0.0771 0.0784 0.0779 0.1084 0.0931 0.1071 0.15 0.3079
"TCGA.55.8301.01A.11R.2287.07" 0.1582 0.1702 0.1641 0.0696 0.0596 0.0678 0.034 0.2765
"TCGA.55.8302.01A.11R.2326.07" 0 0 0 0.0824 0.081 0.074 0.2145 0.5482
"TCGA.55.8505.01A.11R.2403.07" 0 0 0 0.1208 0.1316 0.1174 0.2028 0.4274
"TCGA.55.8506.01A.11R.2403.07" 0.0408 0.0404 0.0365 0.0592 0.0508 0.0581 0.225 0.4891
"TCGA.55.8507.01A.11R.2403.07" 0 0 0 0.0674 0.0722 0.0645 0.5299 0.2659
"TCGA.55.8508.01A.11R.2403.07" 0.0654 0.0717 0.0715 0.0169 0.0186 0.0171 0.2663 0.4726
"TCGA.55.8510.01A.11R.2403.07" 0.1269 0.1289 0.131 0.1176 0.1009 0.1162 0.0684 0.2101
"TCGA.55.8511.01A.11R.2403.07" 0.1709 0.1746 0.173 0.0677 0.0586 0.0686 0.1063 0.1803
"TCGA.55.8512.01A.11R.2403.07" 0.0443 0.0526 0.0549 0.0517 0.0477 0.047 0.2965 0.4053
"TCGA.55.8513.01A.11R.2403.07" 0.1579 0.1649 0.1624 0.0879 0.0754 0.0858 0.0921 0.1736
"TCGA.55.8514.01A.11R.2403.07" 0.0828 0.0916 0.0875 0.0485 0.0451 0.0426 0.1827 0.4191
"TCGA.55.8614.01A.11R.2403.07" 0.0166 0.0175 0.0179 0.0478 0.0496 0.0462 0.3797 0.4247
"TCGA.55.8615.01A.11R.2403.07" 0 0 0 0.0736 0.0722 0.082 0.5228 0.2495
"TCGA.55.8616.01A.11R.2403.07" 0.1507 0.1342 0.1377 0.0734 0.0673 0.0796 0.115 0.2421
"TCGA.55.8619.01A.11R.2403.07" 0.1716 0.1835 0.1832 0.0888 0.0764 0.0869 0.0545 0.1551
"TCGA.55.8620.01A.11R.2403.07" 0.0397 0.0401 0.0408 0.0761 0.0708 0.0629 0.1229 0.5468
"TCGA.55.8621.01A.11R.2403.07" 0.1654 0.1739 0.1713 0.1089 0.094 0.107 0.051 0.1285
"TCGA.55.A48X.01A.11R.A24H.07" 0.2606 0.2536 0.2347 0.0137 0.0121 0.0135 0.08 0.1319
"TCGA.55.A48Y.01A.11R.A24H.07" 0.0535 0.0609 0.0555 0.0756 0.0845 0.0742 0.189 0.4066
"TCGA.55.A48Z.01A.12R.A24X.07" 0.1067 0.1211 0.1103 0.0388 0.0335 0.043 0.1693 0.3774
"TCGA.55.A490.01A.11R.A466.07" 0.0329 0.0414 0.0382 0.0701 0.0751 0.0685 0.1888 0.485
"TCGA.55.A491.01A.11R.A24H.07" 0.0938 0.092 0.09 0.0748 0.0647 0.0803 0.1338 0.3707
"TCGA.55.A492.01A.11R.A24H.07" 0.0667 0.0774 0.0795 0.0695 0.0651 0.0786 0.1269 0.4363
"TCGA.55.A493.01A.11R.A24H.07" 0.1282 0.1382 0.136 0.0482 0.0418 0.0521 0.1355 0.32
"TCGA.55.A494.01A.11R.A24X.07" 0 0 0 0.065 0.0622 0.0557 0.3211 0.496
"TCGA.55.A4DF.01A.11R.A24H.07" 0.1984 0.1921 0.184 0.0312 0.0299 0.0293 0.0333 0.3018
"TCGA.55.A4DG.01A.11R.A24H.07" 0.1341 0.1574 0.1395 0.1489 0.1269 0.1448 0.1213 0.0272
"TCGA.55.A57B.01A.12R.A39D.07" 0.0344 0.0402 0.0397 0.1644 0.1415 0.1598 0.2884 0.1316
"TCGA.62.8394.01A.11R.2326.07" 0.0594 0.0577 0.0522 0.0572 0.0509 0.0604 0.3903 0.2719
"TCGA.62.8395.01A.11R.2326.07" 0.0628 0.0747 0.0686 0.1098 0.1076 0.0956 0.3081 0.1728
"TCGA.62.8397.01A.11R.2326.07" 0.0508 0.0593 0.0637 0.0708 0.0769 0.0695 0.1678 0.4412
"TCGA.62.8398.01A.11R.2326.07" 0.0429 0.044 0.0452 0.0534 0.0573 0.0517 0.1823 0.5231
"TCGA.62.8399.01A.21R.2326.07" 0.0604 0.0705 0.0685 0.0788 0.0687 0.0742 0.1921 0.3867
"TCGA.62.8402.01A.11R.2326.07" 0.1322 0.1595 0.1525 0.0177 0.018 0.0164 0.0693 0.4345
"TCGA.62.A46O.01A.11R.A24H.07" 0 0 0 0.0592 0.0547 0.0531 0.3353 0.4977
"TCGA.62.A46P.01A.11R.A24H.07" 0.0055 0.0048 0.0047 0.1114 0.1204 0.113 0.3173 0.3229
"TCGA.62.A46R.01A.11R.A24H.07" 0.1342 0.1233 0.1183 0.0797 0.0707 0.0769 0.2188 0.1781
"TCGA.62.A46S.01A.11R.A24H.07" 0.0656 0.0787 0.0836 0.0636 0.0657 0.0577 0.2138 0.3713
"TCGA.62.A46U.01A.11R.A24H.07" 0.1219 0.1407 0.1284 0.0529 0.0457 0.0515 0 0.4589
"TCGA.62.A46V.01A.11R.A24H.07" 0 0 0 0.0975 0.0839 0.0946 0.2517 0.4722
"TCGA.62.A46Y.01A.11R.A24H.07" 0.0991 0.1122 0.126 0.062 0.0558 0.0631 0.1514 0.3303
"TCGA.62.A470.01A.11R.A24H.07" 0.0287 0.0326 0.0344 0.1016 0.1047 0.108 0.2635 0.3264
"TCGA.62.A471.01A.12R.A24H.07" 0 0 0 0.065 0.0623 0.0572 0.1719 0.6435
"TCGA.62.A472.01A.11R.A24H.07" 0.0365 0.042 0.0398 0.057 0.0526 0.0505 0.246 0.4756
"TCGA.64.1676.01A.01R.0946.07" 0 0 0 0.1451 0.1472 0.1303 0.1688 0.4086
"TCGA.64.1677.01A.01R.0946.07" 0.0528 0.058 0.0564 0 0 0 0.3355 0.4973
"TCGA.64.1678.01A.01R.0946.07" 0 0 0 0.0351 0.0332 0.0308 0.5672 0.3338
"TCGA.64.1679.01A.21R.2066.07" 0 0 0 0.0939 0.0809 0.1057 0.3606 0.3589
"TCGA.64.1680.01A.02R.0946.07" 0.0205 0.0241 0.026 0.0497 0.0472 0.0539 0.2677 0.5109
"TCGA.64.1681.01A.11R.2066.07" 0.0717 0.0808 0.0816 0.1259 0.119 0.1231 0.1742 0.2238
"TCGA.64.5774.01A.01R.1628.07" 0.0117 0.0135 0.0151 0.0555 0.0607 0.0511 0.3518 0.4404
"TCGA.64.5775.01A.01R.1628.07" 0 0 0 0.0718 0.0702 0.066 0.3149 0.4771
"TCGA.64.5778.01A.01R.1628.07" 0.1989 0.2335 0.2568 0.0162 0.0145 0.018 0.042 0.2201
"TCGA.64.5779.01A.01R.1628.07" 0.1875 0.2039 0.1828 0.0258 0.0282 0.0251 0.18 0.1666
"TCGA.64.5781.01A.01R.1628.07" 0 0 0 0.1573 0.1528 0.1858 0.1324 0.3717
"TCGA.64.5815.01A.01R.1628.07" 0.0765 0.0765 0.0765 0.1027 0.0886 0.1023 0.1684 0.3086
"TCGA.67.3770.01A.01R.0946.07" 0.0589 0.073 0.0629 0.1023 0.1128 0.1017 0.2124 0.2759
"TCGA.67.3771.01A.01R.0946.07" 0.1226 0.1347 0.1466 0.0597 0.0639 0.0556 0.1737 0.2432
"TCGA.67.3772.01A.01R.0946.07" 0 0 0 0.1028 0.0919 0.1002 0.2821 0.423
"TCGA.67.3773.01A.01R.0946.07" 0.0036 0.004 0.0041 0.1284 0.1371 0.1349 0.2009 0.3869
"TCGA.67.3774.01A.01R.0946.07" 0.0738 0.0917 0.093 0.1655 0.1747 0.1599 0.0725 0.1689
"TCGA.67.4679.01B.01R.1755.07" 0.0681 0.0651 0.0649 0.0784 0.068 0.0756 0.2726 0.3074
"TCGA.67.6215.01A.11R.1755.07" 0.066 0.0757 0.0808 0.0099 0.0094 0.0089 0.1993 0.5499
"TCGA.67.6216.01A.11R.1755.07" 0.101 0.1198 0.1189 0.0123 0.0109 0.0119 0.1707 0.4545
"TCGA.67.6217.01A.11R.1755.07" 0.1309 0.1419 0.1324 0.1326 0.1459 0.1311 0.079 0.1062
"TCGA.69.7760.01A.11R.2170.07" 0.0525 0.0592 0.0674 0.055 0.0508 0.0525 0.1714 0.4911
"TCGA.69.7761.01A.11R.2170.07" 0.2238 0.2566 0.226 0.0342 0.0374 0.0332 0.0326 0.1563
"TCGA.69.7763.01A.11R.2170.07" 0 0 0 0.2194 0.1901 0.214 0.2189 0.1575
"TCGA.69.7764.01A.11R.2170.07" 0.1226 0.1452 0.1542 0.0529 0.0549 0.0491 0.19 0.2311
"TCGA.69.7765.01A.11R.2170.07" 0.109 0.1111 0.1121 0.0545 0.0469 0.0543 0.1985 0.3136
"TCGA.69.7973.01A.11R.2187.07" 0 0 0 0.0757 0.0826 0.074 0.3651 0.4026
"TCGA.69.7974.01A.11R.2187.07" 0.0571 0.0605 0.0625 0.1017 0.0913 0.0991 0.1597 0.3681
"TCGA.69.7978.01A.11R.2187.07" 0.1562 0.1649 0.1633 0.0728 0.065 0.0724 0.0699 0.2355
"TCGA.69.7979.01A.11R.2187.07" 0 0 0 0.1315 0.1156 0.1276 0.3542 0.2712
"TCGA.69.7980.01A.11R.2187.07" 0.0904 0.1094 0.102 0.1477 0.1327 0.1436 0.0861 0.1881
"TCGA.69.8253.01A.11R.2287.07" 0.0059 0.0068 0.0089 0.1429 0.1052 0.1217 0.3653 0.2433
"TCGA.69.8254.01A.11R.2287.07" 0.0955 0.1054 0.1208 0.0551 0.0477 0.046 0.1724 0.3571
"TCGA.69.8255.01A.11R.2287.07" 0.1311 0.1309 0.1268 0.0298 0.0287 0.0319 0.0292 0.4916
"TCGA.69.8453.01A.12R.2326.07" 0.1064 0.1167 0.1123 0.1247 0.1079 0.1267 0.0519 0.2535
"TCGA.69.A59K.01A.11R.A262.07" 0.0483 0.0574 0.0598 0.0439 0.0439 0.0389 0.2797 0.4281
"TCGA.71.6725.01A.11R.1858.07" 0 0 0 0.0723 0.0733 0.0689 0.5032 0.2823
"TCGA.71.8520.01A.11R.2403.07" 0.0303 0.0306 0.0311 0.047 0.0535 0.046 0.3575 0.404
"TCGA.73.4658.01A.01R.1755.07" 0.048 0.0491 0.0496 0.1193 0.1034 0.1162 0.2334 0.281
"TCGA.73.4659.01A.01R.1206.07" 0 0 0 0.1533 0.166 0.15 0.3362 0.1945
"TCGA.73.4662.01A.01R.1206.07" 0.1686 0.21 0.1925 0.064 0.0691 0.0574 0.0751 0.1633
"TCGA.73.4666.01A.01R.1206.07" 0.0948 0.1185 0.1165 0.0532 0.0562 0.0495 0.1291 0.3823
"TCGA.73.4668.01A.01R.1206.07" 0 0 0 0.1491 0.1285 0.1439 0.3382 0.2402
"TCGA.73.4670.01A.01R.1206.07" 0 0 0 0.1377 0.1243 0.1346 0.1899 0.4135
"TCGA.73.4675.01A.01R.1206.07" 0 0 0 0.265 0.2424 0.2424 0.0793 0.1709
"TCGA.73.4676.11A.01R.1755.07" 0.0756 0.0744 0.0712 0.1823 0.1596 0.1745 0.0865 0.1759
"TCGA.73.4676.01A.01R.1755.07" 0 0 0 0.1199 0.1123 0.1077 0.2756 0.3845
"TCGA.73.4677.01A.01R.1206.07" 0.0578 0.0683 0.07 0.1576 0.1504 0.1692 0.228 0.0985
"TCGA.73.7498.01A.12R.2187.07" 0.0994 0.1072 0.1109 0.0875 0.0823 0.0919 0.1333 0.2876
"TCGA.73.7499.01A.11R.2187.07" 0.1958 0.1813 0.1879 0.0111 0.0097 0.0109 0.0531 0.3501
"TCGA.73.A9RS.01A.11R.A41B.07" 0 0 0 0.0732 0.0686 0.0747 0.2703 0.5131
"TCGA.75.5122.01A.01R.1755.07" 0.1442 0.1671 0.1766 0.1278 0.1123 0.1268 0 0.1451
"TCGA.75.5125.01A.01R.1755.07" 0.0821 0.0849 0.0839 0.1055 0.0973 0.0963 0.0884 0.3616
"TCGA.75.5126.01A.01R.1755.07" 0.0625 0.0688 0.0669 0.1666 0.1511 0.1623 0.0899 0.2318
"TCGA.75.5146.01A.01R.1628.07" 0.1057 0.1229 0.1299 0.0735 0.0675 0.0648 0.1365 0.2991
"TCGA.75.5147.01A.01R.1628.07" 0.0971 0.1064 0.1007 0.0807 0.0705 0.0901 0.132 0.3226
"TCGA.75.6203.01A.11R.1755.07" 0.1108 0.1185 0.1151 0.1234 0.1065 0.1221 0.1076 0.196
"TCGA.75.6205.01A.11R.1755.07" 0.135 0.1374 0.1397 0.1086 0.0935 0.1072 0.0975 0.1811
"TCGA.75.6206.01A.11R.1755.07" 0 0 0 0.1824 0.204 0.1756 0.2171 0.221
"TCGA.75.6207.01A.11R.1755.07" 0.0088 0.0106 0.0096 0.0606 0.0584 0.0639 0.2855 0.5027
"TCGA.75.6211.01A.11R.1755.07" 0 0 0 0.0557 0.0502 0.0515 0.3725 0.4701
"TCGA.75.6212.01A.11R.1755.07" 0.1193 0.1418 0.128 0.0758 0.0653 0.075 0.2273 0.1676
"TCGA.75.6214.01A.41R.1949.07" 0 0 0 0.0496 0.0447 0.0438 0.3717 0.4902
"TCGA.75.7025.01A.12R.1949.07" 0.1306 0.1268 0.1249 0.1235 0.1065 0.1221 0.0941 0.1716
"TCGA.75.7027.01A.11R.1949.07" 0 0 0 0.1357 0.1526 0.133 0.2969 0.2818
"TCGA.75.7030.01A.11R.1949.07" 0.0559 0.0567 0.0564 0.2123 0.2468 0.2116 0.0868 0.0734
"TCGA.75.7031.01A.11R.1949.07" 0.1233 0.1215 0.1121 0.0572 0.0565 0.0627 0.1077 0.3591
"TCGA.78.7143.01A.11R.2039.07" 0.1149 0.1362 0.1232 0.041 0.0406 0.0358 0.1673 0.3411
"TCGA.78.7145.01A.11R.2039.07" 0 0 0 0.0657 0.0642 0.0605 0.3245 0.4851
"TCGA.78.7146.01A.11R.2039.07" 0 0 0 0.0372 0.0391 0.0358 0.4478 0.4401
"TCGA.78.7147.01A.11R.2039.07" 0.075 0.0877 0.0887 0.0547 0.0492 0.0531 0.1737 0.4178
"TCGA.78.7148.01A.11R.2039.07" 0 0 0 0.2099 0.2289 0.2192 0.1473 0.1947
"TCGA.78.7149.01A.11R.2039.07" 0 0 0 0.0824 0.0812 0.0881 0.2113 0.5369
"TCGA.78.7150.01A.21R.2039.07" 0 0 0 0.0593 0.0668 0.0569 0.2692 0.5478
"TCGA.78.7152.01A.11R.2039.07" 0.0927 0.1185 0.1038 0.0986 0.0919 0.1202 0.0754 0.299
"TCGA.78.7153.01A.11R.2039.07" 0 0 0 0.249 0.2436 0.2312 0.179 0.0972
"TCGA.78.7154.01A.11R.2039.07" 0 0 0 0.0459 0.0487 0.0417 0.503 0.3607
"TCGA.78.7155.01A.11R.2039.07" 0.0674 0.0824 0.0733 0.0822 0.0729 0.0692 0.2517 0.3008
"TCGA.78.7156.01A.11R.2039.07" 0.0238 0.0276 0.0284 0.0669 0.0632 0.0793 0.22 0.4907
"TCGA.78.7158.01A.11R.2039.07" 0.0375 0.0346 0.0336 0.0705 0.0607 0.0721 0.2672 0.4238
"TCGA.78.7159.01A.11R.2039.07" 0.0124 0.0142 0.0151 0.0625 0.0673 0.0643 0.3403 0.424
"TCGA.78.7160.01A.11R.2039.07" 0.1086 0.1246 0.1292 0.153 0.1654 0.1479 0.0614 0.11
"TCGA.78.7161.01A.11R.2039.07" 0 0 0 0.0618 0.0646 0.0592 0.3488 0.4657
"TCGA.78.7162.01A.21R.2066.07" 0.0747 0.0828 0.0846 0.203 0.2157 0.1938 0.0586 0.0867
"TCGA.78.7163.01A.12R.2066.07" 0.0578 0.0672 0.0699 0.0179 0.0202 0.0176 0.2352 0.5141
"TCGA.78.7166.01A.12R.2066.07" 0.0317 0.0368 0.0367 0.0501 0.0519 0.0528 0.1472 0.5927
"TCGA.78.7167.01A.11R.2066.07" 0.0555 0.0506 0.0491 0.0598 0.0548 0.0645 0.1571 0.5085
"TCGA.78.7220.01A.11R.2039.07" 0 0 0 0.0722 0.0762 0.0665 0.3304 0.4547
"TCGA.78.7535.01A.11R.2066.07" 0.0604 0.0707 0.0743 0.0401 0.0345 0.0394 0.1594 0.5211
"TCGA.78.7536.01A.11R.2066.07" 0.0902 0.0998 0.0968 0.0208 0.0209 0.022 0.1676 0.4818
"TCGA.78.7537.01A.11R.2066.07" 0.0049 0.0051 0.0052 0.2142 0.236 0.2155 0.1512 0.1678
"TCGA.78.7539.01A.11R.2066.07" 0.122 0.1434 0.1419 0.1134 0.1223 0.1145 0.0132 0.2294
"TCGA.78.7540.01A.11R.2066.07" 0.0686 0.0752 0.0695 0.048 0.0431 0.0433 0.1977 0.4545
"TCGA.78.7542.01A.21R.2066.07" 0.067 0.0792 0.0709 0 0 0 0.2169 0.566
"TCGA.78.7633.01A.11R.2066.07" 0 0 0 0.1239 0.1108 0.1092 0.28 0.3762
"TCGA.78.8640.01A.11R.2403.07" 0.0666 0.0766 0.0806 0.0409 0.044 0.0395 0.2756 0.3762
"TCGA.78.8648.01A.11R.2403.07" 0.0717 0.0717 0.0717 0.1901 0.1641 0.1896 0.097 0.144
"TCGA.78.8655.01A.11R.2403.07" 0.0564 0.0564 0.0548 0.0645 0.0556 0.0637 0.2377 0.4109
"TCGA.78.8660.01A.11R.2403.07" 0.1653 0.1825 0.1665 0.0346 0.0304 0.035 0.0835 0.3021
"TCGA.78.8662.01A.11R.2403.07" 0.0352 0.0424 0.0407 0.052 0.0471 0.056 0.1647 0.5618
"TCGA.80.5607.01A.31R.1949.07" 0.0234 0.0261 0.024 0.2157 0.2285 0.2034 0.1411 0.1377
"TCGA.80.5608.01A.31R.1949.07" 0 0 0 0.1085 0.1012 0.097 0.4712 0.2221
"TCGA.80.5611.01A.01R.1628.07" 0.055 0.062 0.0658 0.0926 0.0812 0.0893 0.0479 0.5062
"TCGA.83.5908.01A.21R.2287.07" 0.1104 0.1183 0.115 0.0256 0.0285 0.0245 0.1904 0.3873
"TCGA.86.6562.01A.11R.1755.07" 0 0 0 0.0849 0.0936 0.0814 0.435 0.305
"TCGA.86.6851.01A.11R.1949.07" 0.2096 0.2017 0.1884 0.04 0.0352 0.0394 0.0324 0.2532
"TCGA.86.7701.01A.11R.2170.07" 0.2591 0.2656 0.2687 0.0034 0.0038 0.0033 0.1568 0.0394
"TCGA.86.7711.01A.11R.2066.07" 0.0724 0.0896 0.0886 0.0469 0.044 0.0457 0.2485 0.3644
"TCGA.86.7713.01A.11R.2066.07" 0.0326 0.0388 0.0412 0.0754 0.0681 0.0701 0.3199 0.3539
"TCGA.86.7714.01A.12R.2170.07" 0.0344 0.0409 0.0392 0.1094 0.1166 0.1015 0.2403 0.3176
"TCGA.86.7953.01A.11R.2187.07" 0.0922 0.1056 0.0956 0.1104 0.1208 0.1063 0.1539 0.2151
"TCGA.86.7954.01A.11R.2187.07" 0.1223 0.1568 0.1422 0.0374 0.0333 0.0365 0.0902 0.3813
"TCGA.86.7955.01A.11R.2187.07" 0 0 0 0.0701 0.0599 0.0679 0.2653 0.5368
"TCGA.86.8054.01A.11R.2241.07" 0 0 0 0.0682 0.0779 0.0648 0.3846 0.4045
"TCGA.86.8055.01A.11R.2241.07" 0.046 0.0471 0.0465 0.0993 0.1116 0.0971 0.2321 0.3203
"TCGA.86.8056.01A.11R.2241.07" 0.0801 0.0962 0.0972 0.1327 0.1162 0.1123 0.1241 0.2413
"TCGA.86.8073.01A.11R.2241.07" 0 0 0 0.1316 0.1429 0.1261 0.2809 0.3184
"TCGA.86.8074.01A.11R.2241.07" 0 0 0 0.0872 0.0952 0.0841 0.2323 0.5011
"TCGA.86.8075.01A.11R.2241.07" 0.0422 0.0434 0.0429 0.094 0.1081 0.0923 0.1957 0.3814
"TCGA.86.8076.01A.31R.2241.07" 0.1585 0.1817 0.1845 0.0729 0.0625 0.0716 0.0391 0.2291
"TCGA.86.8278.01A.11R.2287.07" 0 0 0 0.0728 0.063 0.0707 0.4101 0.3834
"TCGA.86.8279.01A.11R.2287.07" 0.0484 0.0582 0.0537 0.0492 0.0556 0.0477 0.2271 0.46
"TCGA.86.8280.01A.11R.2287.07" 0.1912 0.1973 0.1928 0.0523 0.0564 0.0508 0.0892 0.17
"TCGA.86.8281.01A.11R.2287.07" 0.06 0.0733 0.0737 0.0531 0.0461 0.0479 0.2088 0.437
"TCGA.86.8358.01A.11R.2326.07" 0 0 0 0.1611 0.168 0.1573 0.2939 0.2197
"TCGA.86.8359.01A.11R.2326.07" 0.0447 0.0515 0.0523 0.0274 0.0267 0.0298 0.1462 0.6215
"TCGA.86.8585.01A.11R.2403.07" 0.1965 0.2204 0.2307 0.0581 0.0502 0.0612 0 0.183
"TCGA.86.8668.01A.11R.2403.07" 0.0684 0.0715 0.0718 0.146 0.1254 0.1428 0.1934 0.1805
"TCGA.86.8669.01A.11R.2403.07" 0.1751 0.218 0.199 0.0242 0.026 0.022 0.0883 0.2474
"TCGA.86.8671.01A.11R.2403.07" 0.2324 0.2373 0.2348 0.0475 0.0409 0.0471 0.0217 0.1383
"TCGA.86.8672.01A.21R.2403.07" 0.0138 0.0147 0.0143 0.1826 0.1565 0.1774 0.1227 0.318
"TCGA.86.8673.01A.11R.2403.07" 0.0533 0.061 0.0628 0.0433 0.0395 0.0464 0.1473 0.5463
"TCGA.86.8674.01A.21R.2403.07" 0 0 0 0.0711 0.0674 0.0759 0.1971 0.5884
"TCGA.86.A456.01A.11R.A24H.07" 0.0583 0.0691 0.0698 0.0824 0.0764 0.0804 0.1288 0.4349
"TCGA.86.A4D0.01A.11R.A24H.07" 0 0 0 0.0508 0.0495 0.0442 0.4246 0.4308
"TCGA.86.A4JF.01A.11R.A24X.07" 0.0456 0.0521 0.0567 0.0399 0.0345 0.0387 0.1513 0.5811
"TCGA.86.A4P7.01A.11R.A24X.07" 0.1317 0.1354 0.1386 0.091 0.079 0.0875 0.1579 0.1788
"TCGA.86.A4P8.01A.11R.A24X.07" 0.1498 0.1721 0.1778 0.1125 0.1011 0.1111 0.0696 0.1059
"TCGA.91.6828.11A.01R.1858.07" 0.108 0.1276 0.1205 0.1097 0.0945 0.104 0.126 0.2098
"TCGA.91.6828.01A.11R.1858.07" 0.0982 0.1182 0.1209 0.0867 0.0982 0.0829 0.1702 0.2248
"TCGA.91.6829.11A.01R.1858.07" 0.0627 0.0699 0.0692 0.1957 0.169 0.1922 0.0162 0.225
"TCGA.91.6829.01A.21R.1858.07" 1e-04 1e-04 1e-04 0.0743 0.0856 0.0738 0.3316 0.4344
"TCGA.91.6830.01A.11R.1949.07" 0.1415 0.1465 0.1465 0.0713 0.0623 0.0745 0.1536 0.2039
"TCGA.91.6831.11A.02R.1858.07" 0.1174 0.1286 0.1346 0.1155 0.102 0.0919 0.1586 0.1515
"TCGA.91.6831.01A.11R.1858.07" 0 0 0 0.0617 0.068 0.0607 0.2481 0.5615
"TCGA.91.6835.11A.01R.1858.07" 0.0368 0.0378 0.0373 0.1898 0.1642 0.1833 0.1241 0.2268
"TCGA.91.6835.01A.11R.1858.07" 0.2475 0.2618 0.2524 0.0425 0.037 0.0461 0.04 0.0728
"TCGA.91.6836.11A.01R.1858.07" 0.0846 0.0929 0.0866 0.1886 0.1621 0.1822 0.0745 0.1286
"TCGA.91.6836.01A.21R.1858.07" 0 0 0 0.0364 0.0367 0.038 0.4654 0.4235
"TCGA.91.6840.01A.11R.1949.07" 0.0779 0.0947 0.1035 0.1589 0.1746 0.1376 0.1563 0.0965
"TCGA.91.6847.11A.01R.1949.07" 0.1135 0.1348 0.1268 0.0878 0.0758 0.084 0.1249 0.2524
"TCGA.91.6847.01A.11R.1949.07" 0 0 0 0.0416 0.0422 0.0363 0.5139 0.366
"TCGA.91.6848.01A.11R.1949.07" 0.0995 0.1032 0.1009 0.0307 0.0265 0.0303 0.1491 0.4597
"TCGA.91.6849.11A.01R.1949.07" 0.0989 0.1138 0.1173 0.0873 0.0731 0.0696 0.2279 0.212
"TCGA.91.6849.01A.11R.1949.07" 0.184 0.1607 0.1526 0.0397 0.0368 0.0358 0.1061 0.2843
"TCGA.91.7771.01A.11R.2170.07" 0.1365 0.168 0.1758 0.0925 0.1017 0.0901 0.0868 0.1485
"TCGA.91.8496.01A.11R.2403.07" 0.0601 0.0687 0.0641 0.1397 0.1286 0.1783 0.0912 0.2693
"TCGA.91.8497.01A.11R.2403.07" 0.203 0.2086 0.2058 0.0441 0.0481 0.0434 0.0736 0.1736
"TCGA.91.8499.01A.11R.2403.07" 0.0426 0.0522 0.0519 0.0697 0.0666 0.0758 0.1625 0.4787
"TCGA.91.A4BC.01A.11R.A24H.07" 0.1952 0.2014 0.1989 0.0112 0.0096 0.0111 0.0597 0.3129
"TCGA.91.A4BD.01A.11R.A24H.07" 0.0595 0.0691 0.0635 0.0806 0.0857 0.0782 0.1944 0.369
"TCGA.93.7347.01A.11R.2187.07" 0.2204 0.2329 0.2277 0.0556 0.0478 0.0547 0.0301 0.1307
"TCGA.93.7348.01A.21R.2039.07" 0.067 0.0692 0.0707 0.0767 0.0836 0.0745 0.3091 0.2492
