"CD4_na" "CD4_cenm" "CD4_efm" "CD8_na" "CD8_cenm" "CD8_efm" "Treg" "T gamma delta"
"TCGA.18.3406.01A.01R.0980.07" 0.046 0.0503 0.0478 0.0796 0.0786 0.0785 0.2531 0.3659
"TCGA.18.3407.01A.01R.0980.07" 0 0 0 0.2386 0.2438 0.2358 0.2015 0.0803
"TCGA.18.3408.01A.01R.0980.07" 0 0 0 0.2509 0.2426 0.2751 0.1424 0.0889
"TCGA.18.3409.01A.01R.0980.07" 0 0 0 0.2167 0.2161 0.2181 0.2093 0.1397
"TCGA.18.3410.01A.01R.0980.07" 0.2227 0.2213 0.2109 0.0091 0.0086 0.0088 0.0376 0.2811
"TCGA.18.3411.01A.01R.0980.07" 0.023 0.0263 0.0266 0.1172 0.1096 0.1218 0.1321 0.4433
"TCGA.18.3412.01A.01R.0980.07" 0 0 0 0.0593 0.0611 0.052 0.2822 0.5455
"TCGA.18.3414.01A.01R.0980.07" 0 0 0 0.1946 0.1878 0.1846 0.2075 0.2255
"TCGA.18.3415.01A.01R.0980.07" 0 0 0 0.2435 0.2632 0.2155 0.0816 0.1962
"TCGA.18.3416.01A.01R.0980.07" 0.1836 0.2232 0.2217 0 0 0 0.0695 0.3021
"TCGA.18.3417.01A.01R.1443.07" 0 0 0 0.2343 0.2311 0.2294 0.1275 0.1777
"TCGA.18.3419.01A.01R.0980.07" 0.1165 0.1464 0.1383 0 0 0 0.3011 0.2977
"TCGA.18.3421.01A.01R.0980.07" 0 0 0 0.1955 0.1942 0.1968 0.114 0.2994
"TCGA.18.4083.01A.01R.1100.07" 0 0 0 0.1317 0.1347 0.1301 0.28 0.3235
"TCGA.18.4086.01A.01R.1100.07" 0.0525 0.0602 0.0607 0.0726 0.0782 0.0648 0.2945 0.3166
"TCGA.18.4721.01A.01R.1443.07" 0.0663 0.0668 0.0685 0.176 0.1711 0.1698 0.1234 0.1582
"TCGA.18.5592.01A.01R.1635.07" 0 0 0 0.1366 0.1502 0.1294 0.3908 0.193
"TCGA.18.5595.01A.01R.1635.07" 0.0395 0.047 0.0459 0.0659 0.0654 0.0733 0.1842 0.4788
"TCGA.21.1070.01A.01R.0692.07" 0.1841 0.1877 0.1823 0 0 0 0.2394 0.2065
"TCGA.21.1071.01A.01R.0692.07" 0.0311 0.0351 0.0357 0.0931 0.1005 0.083 0.364 0.2574
"TCGA.21.1072.01A.01R.0692.07" 0 0 0 0.263 0.2618 0.2905 0.0696 0.1151
"TCGA.21.1075.01A.01R.0692.07" 0 0 0 0.0517 0.0509 0.0565 0.2945 0.5464
"TCGA.21.1076.01A.02R.0692.07" 0.1794 0.1845 0.1831 0.0911 0.0918 0.0908 0.0854 0.0938
"TCGA.21.1077.01A.01R.0692.07" 0 0 0 0.1846 0.1765 0.1782 0.2691 0.1916
"TCGA.21.1078.01A.01R.0692.07" 0 0 0 0.0454 0.0418 0.0416 0.4007 0.4706
"TCGA.21.1079.01A.01R.0692.07" 0.0159 0.0172 0.0182 0.0806 0.0808 0.0776 0.2145 0.4951
"TCGA.21.1080.01A.01R.0692.07" 0 0 0 0.1818 0.1704 0.1865 0.1416 0.3197
"TCGA.21.1081.01A.01R.0692.07" 0 0 0 0.0829 0.0819 0.0818 0.3638 0.3896
"TCGA.21.1082.01A.01R.0692.07" 0.0307 0.0317 0.032 0.1037 0.1014 0.1006 0.3366 0.2633
"TCGA.21.1083.01A.01R.0692.07" 0.0294 0.0314 0.034 0.1 0.0947 0.0958 0.2464 0.3683
"TCGA.21.5782.01A.01R.1635.07" 0 0 0 0.1627 0.1595 0.1585 0.1743 0.345
"TCGA.21.5783.01A.41R.2187.07" 0 0 0 0.1055 0.1031 0.103 0.3716 0.3168
"TCGA.21.5784.01A.01R.1635.07" 0.1349 0.1533 0.1431 0.0309 0.0305 0.0305 0.1441 0.3327
"TCGA.21.5786.01A.01R.1635.07" 0 0 0 0.0632 0.062 0.0606 0.3738 0.4403
"TCGA.21.5787.01A.01R.1635.07" 0.1696 0.1916 0.1903 0.045 0.043 0.0436 0.0139 0.303
"TCGA.21.A5DI.01A.31R.A26W.07" 0 0 0 0.0487 0.0501 0.0479 0.4587 0.3946
"TCGA.22.0940.01A.01R.0692.07" 0.0912 0.0957 0.0966 0.1124 0.1096 0.1093 0.1108 0.2744
"TCGA.22.0944.01A.01R.0692.07" 0 0 0 0.0526 0.0498 0.0507 0.2214 0.6255
"TCGA.22.1000.01A.01R.A32Z.07" 0.0895 0.0895 0.0895 0.1193 0.1198 0.1188 0.1382 0.2353
"TCGA.22.1002.01A.01R.0692.07" 0.1269 0.1296 0.1283 0.1191 0.1177 0.1123 0.1298 0.1364
"TCGA.22.1005.01A.01R.0692.07" 0.2444 0.252 0.2497 0.0062 0.0061 0.0061 0.099 0.1365
"TCGA.22.1011.01A.01R.0692.07" 0.189 0.2092 0.2163 0.0092 0.0091 0.0089 0.1587 0.1997
"TCGA.22.1012.01A.01R.0692.07" 0 0 0 0.2182 0.2125 0.2079 0.1711 0.1903
"TCGA.22.1016.01A.01R.0692.07" 0.1443 0.1471 0.1484 0.1249 0.1226 0.1222 0.1645 0.0259
"TCGA.22.1017.01A.01R.0692.07" 0.033 0.0392 0.0418 0.0329 0.0301 0.0291 0.2737 0.5202
"TCGA.22.4591.01A.01R.1201.07" 0.0444 0.0576 0.053 0.0432 0.0397 0.0382 0.2971 0.4268
"TCGA.22.4593.11A.01R.1820.07" 0.2026 0.2079 0.2048 0.0985 0.0952 0.095 0.0207 0.0753
"TCGA.22.4593.01A.21R.1820.07" 0.0023 0.0024 0.0024 0.2582 0.2513 0.2513 0.1601 0.072
"TCGA.22.4594.01A.01R.1201.07" 0.1997 0.1855 0.1867 0.0293 0.0285 0.0324 0.0814 0.2566
"TCGA.22.4595.01A.01R.1201.07" 0 0 0 0.097 0.0978 0.0966 0.4251 0.2835
"TCGA.22.4596.01A.01R.1201.07" 0.1851 0.1883 0.1895 0.0638 0.0628 0.0627 0.1327 0.115
"TCGA.22.4599.01A.01R.1443.07" 0.0964 0.1049 0.1059 0.0987 0.0926 0.0876 0.1649 0.249
"TCGA.22.4601.01A.01R.1443.07" 0.0346 0.0425 0.0397 0.0327 0.0357 0.0304 0.3566 0.4278
"TCGA.22.4604.01A.01R.1201.07" 0.0137 0.0139 0.014 0.1479 0.1442 0.1459 0.1935 0.3269
"TCGA.22.4605.01A.21R.2125.07" 0.0138 0.0158 0.0159 0.25 0.2524 0.2438 0.1045 0.1038
"TCGA.22.4607.01A.01R.1201.07" 0 0 0 0.0443 0.0406 0.04 0.4306 0.4445
"TCGA.22.4609.11A.01R.2125.07" 0.2024 0.2255 0.2358 0.0962 0.0912 0.0924 0.0565 0
"TCGA.22.4609.01A.21R.2125.07" 0.0974 0.0999 0.0985 0.1579 0.1554 0.155 0.114 0.1218
"TCGA.22.4613.01A.01R.1443.07" 0.1568 0.1749 0.1755 0.052 0.0492 0.0538 0.1152 0.2227
"TCGA.22.5471.11A.01R.1635.07" 0.1473 0.1634 0.1714 0.13 0.1253 0.1268 0.0784 0.0574
"TCGA.22.5471.01A.01R.1635.07" 0.0449 0.0504 0.0497 0.0232 0.0213 0.0214 0.0818 0.7073
"TCGA.22.5472.11A.11R.1635.07" 0.191 0.1935 0.196 0.0929 0.0931 0.0914 0.0718 0.0703
"TCGA.22.5472.01A.01R.1635.07" 0.0452 0.0437 0.0444 0.0443 0.0429 0.045 0.454 0.2806
"TCGA.22.5473.01A.01R.1635.07" 0 0 0 0.1701 0.1843 0.1524 0.2367 0.2566
"TCGA.22.5474.01A.01R.1635.07" 0.1052 0.1242 0.1212 0.1377 0.1369 0.1259 0.0155 0.2334
"TCGA.22.5477.01A.01R.1635.07" 0 0 0 0.292 0.2935 0.2976 0.0799 0.0369
"TCGA.22.5478.11A.11R.1635.07" 0.225 0.2496 0.2618 0.0818 0.0795 0.0805 0.0218 0
"TCGA.22.5478.01A.01R.1635.07" 0 0 0 0.1999 0.1937 0.1912 0.2434 0.1718
"TCGA.22.5479.01A.31R.1949.07" 0 0 0 0.1793 0.1948 0.1693 0.1846 0.272
"TCGA.22.5480.01A.01R.1635.07" 0.1898 0.2189 0.2114 0.0192 0.0187 0.0189 0.1117 0.2114
"TCGA.22.5481.11A.01R.1949.07" 0.2174 0.2434 0.2531 0.0751 0.0716 0.0727 0.0383 0.0284
"TCGA.22.5481.01A.31R.1949.07" 0.0709 0.0775 0.0794 0.0426 0.0407 0.0433 0.0048 0.6408
"TCGA.22.5482.11A.01R.1635.07" 0.242 0.2593 0.2766 0.0604 0.0606 0.059 0.0421 0
"TCGA.22.5482.01A.01R.1635.07" 0 0 0 0.1385 0.1347 0.1323 0.2179 0.3766
"TCGA.22.5483.11A.11R.1820.07" 0.2398 0.2481 0.2458 0.0735 0.0735 0.0714 0.048 0
"TCGA.22.5483.01A.01R.1820.07" 0 0 0 0.27 0.2723 0.2655 0.0794 0.1128
"TCGA.22.5485.01A.01R.1635.07" 0 0 0 0.2665 0.2964 0.2342 0.0487 0.1542
"TCGA.22.5489.11A.01R.1635.07" 0.1481 0.1622 0.1712 0.1119 0.108 0.1091 0.0936 0.096
"TCGA.22.5489.01A.01R.1635.07" 0.1176 0.121 0.1216 0.0988 0.0956 0.0951 0.1112 0.2391
"TCGA.22.5491.11A.01R.1858.07" 0.2667 0.2897 0.3054 0.0069 0.0069 0.0066 0.0586 0.0593
"TCGA.22.5491.01A.01R.1635.07" 0 0 0 0.1608 0.1558 0.1562 0.1859 0.3412
"TCGA.22.5492.01A.01R.1635.07" 0.1433 0.1549 0.1508 0.0595 0.0588 0.0571 0.1619 0.2137
"TCGA.22.A5C4.01A.12R.A27Q.07" 0.0254 0.029 0.03 0.0287 0.0266 0.0296 0.5496 0.2811
"TCGA.33.4532.01A.01R.1201.07" 0.0538 0.0603 0.0557 0.042 0.0416 0.0442 0.2209 0.4815
"TCGA.33.4533.01A.01R.1201.07" 0.0395 0.0407 0.0407 0.1647 0.1619 0.1586 0.151 0.2428
"TCGA.33.4538.01A.01R.1201.07" 0 0 0 0.0355 0.0356 0.0393 0.4805 0.4092
"TCGA.33.4547.01A.01R.1201.07" 0 0 0 0.1467 0.1412 0.1405 0.4496 0.1219
"TCGA.33.4566.01A.01R.1443.07" 0.0816 0.0978 0.1077 0.0467 0.0432 0.0403 0.0247 0.5579
"TCGA.33.4582.01A.01R.1443.07" 0 0 0 0.1451 0.1413 0.1586 0.1975 0.3576
"TCGA.33.4583.01A.01R.1443.07" 0.0344 0.04 0.0399 0.1051 0.1089 0.1151 0.039 0.5176
"TCGA.33.4586.01A.01R.1443.07" 0 0 0 0.1549 0.1674 0.1466 0.2151 0.3159
"TCGA.33.4587.11A.01R.2125.07" 0.1001 0.1038 0.0947 0.207 0.2006 0.2009 0.0309 0.0621
"TCGA.33.4587.01A.11R.2125.07" 0.0253 0.0301 0.0329 0.0396 0.0422 0.0385 0.4616 0.3298
"TCGA.33.4589.01A.01R.1443.07" 0.0118 0.012 0.0127 0.045 0.0446 0.0445 0.0024 0.8269
"TCGA.33.6737.11A.01R.1820.07" 0.2695 0.2887 0.308 0.0335 0.0336 0.0325 0.0343 0
"TCGA.33.6737.01A.11R.1820.07" 0 0 0 0.3033 0.3057 0.2941 0.0533 0.0437
"TCGA.33.6738.01A.11R.1949.07" 0.0907 0.0946 0.0895 0.0408 0.0422 0.037 0.1752 0.43
"TCGA.33.A4WN.01A.11R.A262.07" 0.0505 0.0482 0.0477 0.0386 0.0375 0.037 0.2382 0.5023
"TCGA.33.A5GW.01A.11R.A27Q.07" 0 0 0 0.0596 0.0581 0.0574 0.1887 0.6361
"TCGA.33.AAS8.01A.11R.A405.07" 0.0563 0.0706 0.0641 0.0459 0.043 0.0504 0.1454 0.5243
"TCGA.33.AASB.01A.11R.A405.07" 0.0966 0.0822 0.0857 0.0556 0.0589 0.0495 0 0.5715
"TCGA.33.AASD.01A.11R.A405.07" 0 0 0 0.0508 0.0556 0.047 0.3465 0.5001
"TCGA.33.AASI.01A.22R.A405.07" 0.1089 0.1443 0.129 0.0948 0.0848 0.0964 0.0719 0.2699
"TCGA.33.AASJ.01A.11R.A405.07" 0 0 0 0.0583 0.0534 0.0509 0.1809 0.6566
"TCGA.33.AASL.01A.11R.A405.07" 0.0584 0.0702 0.0679 0.0366 0.037 0.0356 0.1576 0.5366
"TCGA.34.2596.01A.01R.0851.07" 0.1045 0.1279 0.1188 0.1336 0.1445 0.124 0.0764 0.1702
"TCGA.34.2600.01A.01R.0851.07" 0.0483 0.0586 0.0602 0.0574 0.06 0.0473 0.3365 0.3316
"TCGA.34.2608.01A.02R.0851.07" 0.1395 0.1415 0.1425 0.054 0.0531 0.0535 0.1845 0.2314
"TCGA.34.5231.01A.21R.1820.07" 0.0302 0.0328 0.0311 0.0513 0.0487 0.049 0.1649 0.5921
"TCGA.34.5232.01A.21R.1820.07" 0.2888 0.2828 0.2682 0 0 0 0.0725 0.0877
"TCGA.34.5234.01A.01R.1635.07" 0.0834 0.0842 0.0834 0.1114 0.11 0.1098 0.1357 0.282
"TCGA.34.5236.01A.21R.1820.07" 0.0428 0.0431 0.0432 0.0589 0.0585 0.0584 0.2675 0.4276
"TCGA.34.5239.01A.21R.1820.07" 0.076 0.0777 0.0774 0.1975 0.1941 0.1958 0.0712 0.1104
"TCGA.34.5240.01A.01R.1443.07" 0 0 0 0.1892 0.1768 0.1892 0.1297 0.3152
"TCGA.34.5241.01A.01R.1443.07" 0.0219 0.0203 0.0205 0.0878 0.0846 0.0786 0.1871 0.4993
"TCGA.34.5927.01A.11R.1820.07" 0 0 0 0.0814 0.0799 0.0828 0.3234 0.4325
"TCGA.34.5928.01A.11R.1820.07" 0.0384 0.0385 0.0388 0.0752 0.0748 0.0746 0.3159 0.3439
"TCGA.34.5929.01A.11R.1820.07" 0.0198 0.0233 0.023 0.0363 0.033 0.0327 0.3419 0.49
"TCGA.34.7107.11A.01R.1949.07" 0.1094 0.1101 0.1107 0.1615 0.1613 0.163 0.0809 0.1031
"TCGA.34.7107.01A.11R.1949.07" 0 0 0 0.2392 0.2369 0.2367 0.1541 0.1331
"TCGA.34.8454.11A.01R.2326.07" 0.2897 0.3139 0.3118 0.0193 0.0194 0.0187 0.0272 0
"TCGA.34.8454.01A.11R.2326.07" 0.091 0.0965 0.0941 0.1086 0.1096 0.1066 0.145 0.2486
"TCGA.34.8455.01A.11R.2326.07" 0 0 0 0.2453 0.2402 0.2401 0.1839 0.0905
"TCGA.34.8456.01A.21R.2326.07" 0.1073 0.125 0.1198 0.0317 0.0287 0.0335 0.3603 0.1937
"TCGA.34.A5IX.01A.12R.A27Q.07" 0 0 0 0.0486 0.0472 0.0469 0.3593 0.4979
"TCGA.37.3783.01A.01R.1201.07" 0.0241 0.0278 0.0283 0.0736 0.0757 0.0729 0.0814 0.6161
"TCGA.37.3789.01A.01R.0980.07" 0 0 0 0.1417 0.1377 0.1331 0.1428 0.4448
"TCGA.37.3792.01A.01R.0980.07" 0.1369 0.1297 0.1358 0.12 0.1074 0.1066 0 0.2636
"TCGA.37.4129.01A.01R.1100.07" 0.0081 0.0086 0.0077 0.3102 0.2717 0.3199 0.0032 0.0706
"TCGA.37.4130.01A.01R.1100.07" 0.2379 0.2019 0.2033 0.0075 0.0087 0.0069 0 0.3337
"TCGA.37.4132.01A.01R.1100.07" 0.0134 0.0146 0.014 0.253 0.2429 0.2787 0.0635 0.1197
"TCGA.37.4133.01A.01R.1100.07" 0.0263 0.024 0.0242 0.0469 0.0423 0.0525 0.145 0.6388
"TCGA.37.4135.01A.01R.1100.07" 0 0 0 0.0952 0.0929 0.1028 0.0886 0.6205
"TCGA.37.4141.01A.02R.1100.07" 0.0182 0.0175 0.017 0.2005 0.1966 0.2083 0.0639 0.278
"TCGA.37.5819.01A.01R.1635.07" 0.1136 0.1285 0.1315 0.0286 0.0287 0.025 0.0816 0.4625
"TCGA.37.A5EL.01A.11R.A26W.07" 0.056 0.0671 0.0693 0.0472 0.0493 0.0464 0.2083 0.4564
"TCGA.37.A5EM.01A.21R.A27Q.07" 0.0044 0.0045 0.0045 0.1337 0.1312 0.1311 0.2983 0.2924
"TCGA.37.A5EN.01A.21R.A26W.07" 0.0275 0.0307 0.0296 0.2086 0.1962 0.2291 0.1387 0.1395
"TCGA.39.5011.01A.01R.1443.07" 0.201 0.2416 0.2535 0 0 0 0.0996 0.2043
"TCGA.39.5016.01A.01R.1443.07" 0.1451 0.1706 0.1644 0.0232 0.0218 0.0241 0.2673 0.1835
"TCGA.39.5019.01A.01R.1820.07" 0.0362 0.0379 0.0382 0.1785 0.1712 0.173 0.188 0.177
"TCGA.39.5021.01A.01R.1443.07" 0.0198 0.0228 0.023 0.2514 0.2577 0.2184 0.0478 0.1591
"TCGA.39.5022.01A.21R.1820.07" 0.1386 0.1442 0.1429 0.0629 0.0618 0.0628 0.0847 0.3023
"TCGA.39.5024.01A.21R.1820.07" 0.1008 0.1183 0.1177 0.0361 0.0351 0.0349 0.1596 0.3976
"TCGA.39.5027.01A.21R.1820.07" 0.0601 0.0741 0.0685 0.0484 0.0483 0.0513 0.1619 0.4874
"TCGA.39.5028.01A.01R.1443.07" 0.0284 0.0288 0.029 0.1757 0.1723 0.1707 0.208 0.1871
"TCGA.39.5029.01A.01R.1443.07" 0.036 0.0378 0.041 0.0298 0.0289 0.0269 0.1379 0.6616
"TCGA.39.5030.01A.01R.1443.07" 0.1962 0.2025 0.2007 0.0266 0.0261 0.0259 0.1121 0.2098
"TCGA.39.5031.01A.01R.1443.07" 0.0635 0.0663 0.0652 0.1665 0.1637 0.1668 0.1487 0.1594
"TCGA.39.5034.01A.01R.1443.07" 0.0109 0.0121 0.0132 0.1523 0.1488 0.155 0.2336 0.2741
"TCGA.39.5035.01A.01R.1443.07" 0.1679 0.1717 0.162 0.0183 0.018 0.0185 0.0502 0.3933
"TCGA.39.5036.01A.01R.1443.07" 0.0623 0.0617 0.0602 0.0833 0.0905 0.0741 0.0266 0.5412
"TCGA.39.5037.01A.01R.1443.07" 0 0 0 0.0383 0.0399 0.035 0.1451 0.7417
"TCGA.39.5039.01A.01R.1443.07" 0 0 0 0.2486 0.2412 0.2409 0.1362 0.1331
"TCGA.39.5040.11A.01R.2125.07" 0.1944 0.219 0.205 0.1323 0.122 0.1162 0.0111 0
"TCGA.39.5040.01A.21R.2125.07" 0.0549 0.063 0.0561 0.0446 0.0443 0.0454 0.2934 0.3984
"TCGA.43.2576.01A.01R.A32Z.07" 0.0205 0.0208 0.021 0.1221 0.1205 0.1207 0.1631 0.4112
"TCGA.43.2578.01A.01R.0851.07" 0.0025 0.003 0.003 0.2596 0.2363 0.2443 0.0928 0.1585
"TCGA.43.2581.01A.01R.0851.07" 0.1245 0.1272 0.1311 0.0879 0.0748 0.0737 0.1599 0.221
"TCGA.43.3394.11A.01R.1758.07" 0.1903 0.2067 0.2224 0.1008 0.0951 0.0971 0.0877 0
"TCGA.43.3394.01A.01R.0980.07" 0 0 0 0.1183 0.1098 0.1204 0.4222 0.2293
"TCGA.43.3920.01A.01R.0980.07" 0 0 0 0.2099 0.2063 0.2037 0.2438 0.1363
"TCGA.43.5668.01A.01R.1635.07" 0.2149 0.243 0.2585 0.0425 0.0417 0.0413 0.0306 0.1275
"TCGA.43.5670.11A.01R.2125.07" 0.1967 0.2148 0.227 0.0769 0.0746 0.0752 0.0931 0.0417
"TCGA.43.5670.01A.21R.2125.07" 0.0484 0.0581 0.0626 0.058 0.0537 0.051 0.1796 0.4886
"TCGA.43.6143.11A.01R.1820.07" 0.2131 0.2333 0.2307 0.0798 0.0791 0.0772 0.0418 0.045
"TCGA.43.6143.01A.11R.1820.07" 0.0278 0.0316 0.0305 0.0446 0.0425 0.0435 0.3892 0.3902
"TCGA.43.6647.11A.01R.1820.07" 0.2611 0.2864 0.302 0.048 0.048 0.0465 0.008 0
"TCGA.43.6647.01A.11R.1820.07" 0.074 0.074 0.074 0.0432 0.0435 0.0431 0.2595 0.3887
"TCGA.43.6770.01A.11R.1820.07" 0 0 0 0.2389 0.235 0.2373 0.1708 0.118
"TCGA.43.6771.11A.01R.1820.07" 0.2571 0.2474 0.2366 0.0954 0.0812 0.0822 0 0
"TCGA.43.6771.01A.11R.1820.07" 0.0066 0.0067 0.0067 0.0603 0.0607 0.0597 0.1471 0.6523
"TCGA.43.6773.11A.01R.1949.07" 0.2175 0.22 0.2226 0.0921 0.0921 0.0905 0.0652 0
"TCGA.43.6773.01A.41R.1949.07" 0.1529 0.1554 0.1563 0.1402 0.1411 0.1375 0.0346 0.082
"TCGA.43.7656.01A.11R.2125.07" 0.1984 0.2101 0.2035 0.0178 0.0169 0.0174 0.1513 0.1846
"TCGA.43.7657.11A.01R.2125.07" 0.2041 0.2228 0.2355 0.0673 0.0675 0.0652 0.0847 0.0529
"TCGA.43.7657.01A.31R.2125.07" 0 0 0 0.1476 0.1272 0.1194 0.2291 0.3767
"TCGA.43.7658.11A.01R.2125.07" 0.2499 0.2761 0.2582 0.0607 0.058 0.0587 0.0382 0
"TCGA.43.7658.01A.11R.2125.07" 0.1608 0.1935 0.1725 0.0166 0.0151 0.0149 0.1263 0.3003
"TCGA.43.8115.01A.11R.2247.07" 0.1098 0.1119 0.1116 0.1451 0.1457 0.144 0.0987 0.1332
"TCGA.43.8116.01A.11R.2247.07" 0.1018 0.1099 0.1057 0.0265 0.0268 0.0241 0.3331 0.2721
"TCGA.43.8118.01A.11R.2403.07" 0.0103 0.0109 0.0108 0.0853 0.0812 0.082 0.4936 0.2259
"TCGA.43.A474.01A.11R.A24H.07" 0 0 0 0.2311 0.2273 0.2347 0.1354 0.1714
"TCGA.43.A475.01A.11R.A24H.07" 0.2215 0.2498 0.2255 0.0299 0.0305 0.033 0.0207 0.1892
"TCGA.43.A56U.01A.11R.A26W.07" 0.3111 0.2963 0.2988 0.002 0.0019 0.002 0.0333 0.0545
"TCGA.43.A56V.01A.11R.A26W.07" 0.0149 0.0171 0.0184 0.0524 0.0505 0.0501 0.3256 0.471
"TCGA.46.3765.01A.01R.0980.07" 0.0195 0.0224 0.0224 0.0684 0.0641 0.0706 0.3347 0.3979
"TCGA.46.3766.01A.01R.0980.07" 0.0906 0.0906 0.0906 0.1462 0.1443 0.1456 0.143 0.1492
"TCGA.46.3767.01A.01R.0980.07" 0.0725 0.0731 0.0732 0.1539 0.1517 0.1531 0.2086 0.1139
"TCGA.46.3768.01A.01R.0980.07" 0 0 0 0.1952 0.2112 0.1787 0.1889 0.2261
"TCGA.46.3769.01A.01R.0980.07" 0.0584 0.0559 0.0575 0.1153 0.12 0.109 0.1461 0.3377
"TCGA.46.6025.01A.11R.1820.07" 0 0 0 0.1897 0.1984 0.1852 0.1457 0.2811
"TCGA.46.6026.01A.11R.1820.07" 0.0463 0.0386 0.0387 0.1442 0.1332 0.1504 0.1576 0.291
"TCGA.51.4079.11A.01R.1758.07" 0.2372 0.2646 0.277 0.0379 0.0356 0.0364 0.0666 0.0446
"TCGA.51.4079.01A.01R.1100.07" 0 0 0 0.2525 0.2603 0.2476 0.1186 0.121
"TCGA.51.4080.11A.01R.1758.07" 0.236 0.271 0.2662 0.0563 0.0564 0.0559 0.0164 0.0419
"TCGA.51.4080.01A.01R.1100.07" 0 0 0 0.1315 0.1197 0.1414 0.1686 0.4388
"TCGA.51.4081.11A.01R.1758.07" 0.201 0.2058 0.2026 0.1095 0.1062 0.1065 0.018 0.0504
"TCGA.51.4081.01A.01R.1100.07" 0 0 0 0.1953 0.1991 0.1937 0.2379 0.174
"TCGA.51.6867.01A.11R.2045.07" 0.0066 0.0074 0.0079 0.2424 0.2627 0.2236 0.0803 0.1692
"TCGA.52.7622.01A.11R.2125.07" 0.1289 0.1526 0.149 0.1007 0.0957 0.0954 0.1098 0.1679
"TCGA.52.7809.01A.21R.2125.07" 0.0059 0.0064 0.0062 0.2327 0.2166 0.2243 0.1339 0.1739
"TCGA.52.7810.01A.11R.2125.07" 0 0 0 0.0675 0.065 0.0648 0.1482 0.6545
"TCGA.52.7811.01A.11R.2125.07" 0 0 0 0.2095 0.2045 0.2044 0.2117 0.1698
"TCGA.52.7812.01A.11R.2125.07" 0.0582 0.0714 0.0713 0.0295 0.0288 0.0298 0.1216 0.5893
"TCGA.56.1622.01A.01R.0692.07" 0 0 0 0.0664 0.0636 0.0632 0.4542 0.3525
"TCGA.56.5897.01A.11R.1635.07" 0.0749 0.0757 0.0761 0.1412 0.1405 0.1402 0.1729 0.1785
"TCGA.56.5898.01A.11R.1635.07" 0.0036 0.0037 0.0037 0.1954 0.1907 0.1887 0.1802 0.2341
"TCGA.56.6545.01A.11R.1820.07" 0.0878 0.0887 0.089 0.0591 0.0587 0.0587 0.242 0.316
"TCGA.56.6546.01A.11R.1820.07" 0.0571 0.0606 0.0598 0.2147 0.2074 0.2094 0.0434 0.1477
"TCGA.56.7221.01A.11R.2045.07" 0 0 0 0.0528 0.0507 0.051 0.3861 0.4594
"TCGA.56.7222.11A.01R.2045.07" 0.1671 0.2118 0.2036 0.1168 0.1086 0.1125 0.0796 0
"TCGA.56.7222.01A.11R.2045.07" 0.0611 0.0723 0.0752 0.0571 0.0532 0.0508 0.3562 0.2741
"TCGA.56.7223.01A.11R.2045.07" 0 0 0 0.2795 0.3036 0.2447 0.0594 0.1128
"TCGA.56.7579.11A.01R.2045.07" 0.2879 0.2794 0.2609 0.0529 0.0509 0.0515 0.0164 0
"TCGA.56.7579.01A.11R.2045.07" 0 0 0 0.1169 0.1144 0.1145 0.483 0.1711
"TCGA.56.7580.11A.01R.2045.07" 0.1461 0.1566 0.1531 0.1318 0.1322 0.1289 0.0939 0.0575
"TCGA.56.7580.01A.11R.2045.07" 0 0 0 0.0458 0.0451 0.047 0.3423 0.5198
"TCGA.56.7582.11A.01R.2045.07" 0.1442 0.1561 0.1649 0.0987 0.1001 0.0964 0.1952 0.0443
"TCGA.56.7582.01A.11R.2045.07" 0 0 0 0.1675 0.1669 0.1794 0.2077 0.2785
"TCGA.56.7730.11A.01R.2125.07" 0.2098 0.235 0.2208 0.0314 0.0315 0.0299 0.0757 0.1659
"TCGA.56.7730.01A.11R.2125.07" 0 0 0 0.3246 0.2893 0.2931 0.0324 0.0606
"TCGA.56.7731.11A.01R.2125.07" 0.296 0.3223 0.2869 0.0341 0.0304 0.0302 0 0
"TCGA.56.7731.01A.11R.2125.07" 0.0563 0.0574 0.0571 0.1973 0.1929 0.1927 0.1221 0.1243
"TCGA.56.7822.01A.11R.2125.07" 0 0 0 0.0406 0.0395 0.0394 0.4342 0.4464
"TCGA.56.7823.11A.01R.2247.07" 0.2327 0.2303 0.2199 0.0883 0.0843 0.0854 0.059 0
"TCGA.56.7823.01B.11R.2247.07" 0 0 0 0.0515 0.0523 0.0479 0.2642 0.584
"TCGA.56.8082.11A.01R.2247.07" 0.3288 0.3239 0.3038 0.0098 0.0082 0.0085 0.0169 0
"TCGA.56.8082.01A.11R.2247.07" 0 0 0 0.0668 0.0663 0.0645 0.4834 0.319
"TCGA.56.8083.11A.01R.2247.07" 0.2683 0.3112 0.3062 0.0095 0.0092 0.0093 0.0864 0
"TCGA.56.8083.01A.11R.2247.07" 0.0473 0.0496 0.051 0.0594 0.054 0.0605 0.3634 0.3148
"TCGA.56.8201.11A.01R.2247.07" 0.2602 0.2709 0.2745 0.0403 0.0364 0.0365 0.0813 0
"TCGA.56.8201.01A.11R.2247.07" 0.1209 0.1219 0.1227 0.0889 0.0877 0.0881 0.1219 0.2479
"TCGA.56.8304.01A.11R.2326.07" 0.0382 0.0456 0.0475 0.0342 0.0331 0.0329 0.1966 0.5719
"TCGA.56.8305.01A.11R.2296.07" 0 0 0 0.108 0.1048 0.105 0.2912 0.3909
"TCGA.56.8307.01A.11R.2296.07" 0.0794 0.0674 0.0676 0.028 0.0271 0.0283 0.1783 0.524
"TCGA.56.8308.01A.11R.2296.07" 0.008 0.0083 0.0085 0.1286 0.1254 0.1236 0.3181 0.2794
"TCGA.56.8309.11A.01R.2296.07" 0.2487 0.2626 0.2493 0.0712 0.0688 0.0695 0.0299 0
"TCGA.56.8309.01A.11R.2296.07" 0.2305 0.236 0.2336 0.0197 0.0197 0.0193 0.0856 0.1557
"TCGA.56.8503.01A.11R.2403.07" 0.0325 0.0328 0.0329 0.0605 0.0597 0.0598 0.3406 0.3813
"TCGA.56.8504.01A.11R.2403.07" 0 0 0 0.1619 0.164 0.1663 0.2773 0.2305
"TCGA.56.8622.01A.11R.2403.07" 0 0 0 0.097 0.0952 0.0951 0.3896 0.323
"TCGA.56.8623.11A.01R.A28V.07" 0.2416 0.251 0.2455 0.0657 0.0634 0.0641 0.0249 0.0436
"TCGA.56.8623.01A.11R.A28V.07" 0.1638 0.1686 0.1695 0.1307 0.1259 0.1268 0.0493 0.0654
"TCGA.56.8624.01A.11R.2403.07" 0.0333 0.0347 0.0342 0.1684 0.164 0.1651 0.2822 0.1182
"TCGA.56.8625.01A.11R.2403.07" 0.0887 0.0897 0.09 0.1642 0.1629 0.1628 0.0505 0.1912
"TCGA.56.8626.01A.11R.2403.07" 0 0 0 0.1745 0.169 0.1687 0.2232 0.2646
"TCGA.56.8628.01A.11R.2403.07" 0.1554 0.1589 0.1615 0.0479 0.0418 0.0416 0.1953 0.1976
"TCGA.56.8629.01A.11R.2403.07" 0 0 0 0.0743 0.0625 0.0621 0.4232 0.3778
"TCGA.56.A49D.01A.11R.A24H.07" 0.1596 0.1868 0.1918 0.0393 0.0368 0.0378 0.0905 0.2574
"TCGA.56.A4BW.01A.11R.A24H.07" 0.0017 0.0018 0.0018 0.0377 0.0366 0.0366 0.5094 0.3744
"TCGA.56.A4BX.01A.11R.A24H.07" 0 0 0 0.0345 0.0358 0.0317 0.6215 0.2765
"TCGA.56.A4BY.01A.11R.A24H.07" 0.0511 0.0575 0.0523 0.084 0.0866 0.0783 0.3774 0.2128
"TCGA.56.A4ZJ.01A.11R.A262.07" 0.0217 0.022 0.0221 0.1922 0.1887 0.189 0.1741 0.1902
"TCGA.56.A4ZK.01A.11R.A262.07" 0.056 0.0647 0.0658 0.025 0.0222 0.0221 0.2238 0.5204
"TCGA.56.A5DR.01A.11R.A27Q.07" 0 0 0 0.2328 0.2279 0.2294 0.1323 0.1776
"TCGA.56.A5DS.01A.11R.A27Q.07" 0.1002 0.1061 0.1077 0.0194 0.0189 0.0187 0.3951 0.2339
"TCGA.56.A62T.01A.11R.A405.07" 0 0 0 0.0482 0.0471 0.0467 0.3573 0.5007
"TCGA.58.8386.11A.01R.2296.07" 0.2473 0.2554 0.2481 0.0587 0.0565 0.057 0.0559 0.021
"TCGA.58.8386.01A.11R.2296.07" 0.0782 0.0818 0.0847 0.1034 0.1006 0.1002 0.1522 0.2989
"TCGA.58.8387.01A.11R.2296.07" 0.0717 0.0805 0.0839 0.021 0.0185 0.0238 0.2197 0.4809
"TCGA.58.8388.01A.11R.2326.07" 0.0546 0.0563 0.0556 0.1532 0.1494 0.1483 0.1754 0.2073
"TCGA.58.8390.01A.11R.2326.07" 0 0 0 0.0864 0.0865 0.0879 0.3914 0.3478
"TCGA.58.8391.01A.11R.2326.07" 0 0 0 0.0555 0.055 0.0534 0.278 0.5581
"TCGA.58.8392.01A.11R.2326.07" 0 0 0 0.0259 0.0267 0.0236 0.666 0.2577
"TCGA.58.8393.01A.11R.2326.07" 0.0843 0.096 0.0936 0.1013 0.1027 0.0988 0.1183 0.3051
"TCGA.58.A46J.01A.11R.A24H.07" 0.1045 0.1271 0.1312 0.0364 0.0357 0.0372 0.149 0.3788
"TCGA.58.A46K.01A.11R.A24H.07" 0 0 0 0.0857 0.0933 0.08 0.3179 0.4231
"TCGA.58.A46L.01A.11R.A24H.07" 0.0397 0.0451 0.0451 0.0647 0.0628 0.0615 0.3163 0.3649
"TCGA.58.A46M.01A.11R.A24H.07" 0.0618 0.073 0.0752 0.0375 0.0373 0.0417 0.1402 0.5333
"TCGA.58.A46N.01A.11R.A24H.07" 0 0 0 0.0434 0.0474 0.0408 0.2341 0.6343
"TCGA.60.2695.01A.01R.0851.07" 0.0805 0.0983 0.0932 0.1436 0.1515 0.1357 0.1444 0.1527
"TCGA.60.2696.01A.01R.0851.07" 0.0867 0.0981 0.0876 0.1435 0.1358 0.1375 0.1706 0.1402
"TCGA.60.2697.01A.11R.2125.07" 0.3062 0.2937 0.2954 0.0017 0.0017 0.0017 0.0762 0.0234
"TCGA.60.2698.01A.01R.0851.07" 0.1187 0.1251 0.1265 0.1091 0.1042 0.104 0.037 0.2754
"TCGA.60.2703.01A.11R.2045.07" 0 0 0 0.0805 0.0779 0.0792 0.4793 0.2831
"TCGA.60.2704.01A.11R.2045.07" 0.1138 0.1151 0.1146 0.1256 0.1255 0.1231 0.1863 0.0959
"TCGA.60.2706.01A.01R.0851.07" 0.1603 0.1639 0.1671 0.0584 0.0565 0.0557 0.0356 0.3025
"TCGA.60.2707.01A.01R.0851.07" 0.0306 0.0314 0.0311 0.0874 0.0865 0.0858 0.1716 0.4756
"TCGA.60.2708.01A.01R.0851.07" 0 0 0 0.2341 0.2334 0.2316 0.2201 0.0808
"TCGA.60.2709.11A.01R.1820.07" 0.2936 0.2932 0.2905 0.0456 0.0383 0.0388 0 0
"TCGA.60.2709.01A.21R.1820.07" 0.1106 0.1119 0.1123 0.1287 0.1284 0.1264 0.1 0.1817
"TCGA.60.2710.01A.01R.0851.07" 0.0375 0.0399 0.0387 0.1916 0.1951 0.1867 0.1539 0.1566
"TCGA.60.2711.01A.01R.0851.07" 0.0303 0.0366 0.0341 0.0331 0.03 0.0367 0.3926 0.4065
"TCGA.60.2712.01A.01R.0851.07" 0.1984 0.2031 0.2017 0.02 0.0197 0.0196 0.0709 0.2666
"TCGA.60.2713.01A.01R.0851.07" 0.0506 0.052 0.0516 0.1571 0.1537 0.1545 0.2335 0.1471
"TCGA.60.2714.01A.01R.0851.07" 0.0326 0.035 0.0345 0.0538 0.0509 0.0505 0.1967 0.546
"TCGA.60.2715.01A.01R.0851.07" 0.116 0.1169 0.1172 0.1385 0.1383 0.1397 0.1165 0.1168
"TCGA.60.2716.01A.01R.0851.07" 0 0 0 0.0394 0.0361 0.0456 0.5185 0.3604
"TCGA.60.2719.01A.01R.0851.07" 0.048 0.0471 0.0461 0.0365 0.0375 0.038 0.4258 0.3209
"TCGA.60.2720.01A.01R.0851.07" 0.0958 0.1041 0.1153 0.0349 0.0333 0.033 0.0944 0.4891
"TCGA.60.2721.01A.01R.0851.07" 0.1111 0.1124 0.1121 0.1313 0.1307 0.129 0.1203 0.1531
"TCGA.60.2722.01A.01R.0851.07" 0 0 0 0.0809 0.0873 0.076 0.3117 0.4441
"TCGA.60.2723.01A.01R.0851.07" 0.0025 0.0028 0.0028 0.2306 0.2392 0.2076 0.0985 0.216
"TCGA.60.2724.01A.01R.0851.07" 0 0 0 0.0589 0.0586 0.0585 0.2632 0.5608
"TCGA.60.2725.01A.01R.1201.07" 0.0872 0.0894 0.0887 0.157 0.1548 0.1545 0.1203 0.148
"TCGA.60.2726.01A.01R.0851.07" 0.1568 0.1798 0.1783 0.0158 0.0162 0.0153 0.1392 0.2985
"TCGA.63.5128.01A.01R.1443.07" 0 0 0 0.2464 0.2489 0.2415 0.1976 0.0657
"TCGA.63.5131.01A.01R.1443.07" 0.004 0.004 0.0041 0.036 0.0365 0.0331 0.5121 0.3703
"TCGA.63.6202.01A.11R.1820.07" 0.1099 0.1146 0.1129 0.0914 0.0899 0.089 0.0992 0.2932
"TCGA.63.7020.01A.11R.1949.07" 0.0311 0.0339 0.04 0.0803 0.081 0.0775 0.2437 0.4124
"TCGA.63.7021.01A.11R.1949.07" 0.1168 0.1193 0.1178 0.0645 0.0641 0.064 0.2362 0.2172
"TCGA.63.7022.01A.11R.1949.07" 0.092 0.0926 0.0928 0.1617 0.1624 0.161 0.1177 0.1197
"TCGA.63.7023.01A.11R.1949.07" 0.0177 0.0229 0.0208 0.0481 0.0528 0.0446 0.243 0.5501
"TCGA.63.A5M9.01A.11R.A26W.07" 0.0174 0.0196 0.0209 0.1665 0.1653 0.1854 0.2594 0.1655
"TCGA.63.A5MB.01A.11R.A26W.07" 0 0 0 0.2396 0.2411 0.2534 0.0853 0.1806
"TCGA.63.A5MG.01A.12R.A27Q.07" 0.0636 0.0669 0.0684 0.0373 0.0366 0.0366 0.441 0.2496
"TCGA.63.A5MH.01A.12R.A27Q.07" 0.0645 0.0677 0.0619 0.0431 0.0354 0.0329 0.3354 0.3592
"TCGA.63.A5MI.01A.12R.A27Q.07" 0 0 0 0.0514 0.0507 0.0513 0.4178 0.4287
"TCGA.63.A5MJ.01A.11R.A27Q.07" 0 0 0 0.2045 0.2014 0.2063 0.1822 0.2056
"TCGA.63.A5ML.01A.31R.A27Q.07" 0 0 0 0.2721 0.3111 0.2531 0.054 0.1097
"TCGA.63.A5MM.01A.11R.A26W.07" 0.0476 0.0494 0.0488 0.1783 0.1727 0.1731 0.1164 0.2137
"TCGA.63.A5MN.01A.22R.A27Q.07" 0.18 0.1861 0.1843 0.0421 0.0424 0.0417 0.1363 0.1871
"TCGA.63.A5MP.01A.11R.A26W.07" 0.1879 0.2158 0.2083 0.0401 0.0379 0.0428 0.1658 0.1013
"TCGA.63.A5MR.01A.31R.A27Q.07" 0 0 0 0.0607 0.0588 0.059 0.1898 0.6317
"TCGA.63.A5MS.01A.11R.A26W.07" 0.1669 0.1736 0.1717 0.0639 0.0566 0.0571 0.1999 0.1103
"TCGA.63.A5MT.01A.21R.A26W.07" 0.0672 0.0682 0.0696 0.069 0.0674 0.0664 0.2405 0.3518
"TCGA.63.A5MU.01A.11R.A26W.07" 0 0 0 0.0363 0.0364 0.0386 0.4783 0.4102
"TCGA.63.A5MV.01A.21R.A26W.07" 0.1121 0.1139 0.1147 0.0546 0.0534 0.0496 0.2962 0.2056
"TCGA.63.A5MW.01A.11R.A26W.07" 0.033 0.0357 0.0381 0.1084 0.1061 0.1058 0.3166 0.2562
"TCGA.63.A5MY.01A.11R.A26W.07" 0 0 0 0.0388 0.0375 0.0378 0.6078 0.2781
"TCGA.66.2727.01A.01R.0980.07" 0 0 0 0.1181 0.1309 0.1047 0.3025 0.3438
"TCGA.66.2734.01A.01R.0980.07" 0 0 0 0.0889 0.0872 0.0871 0.3193 0.4174
"TCGA.66.2737.01A.01R.0980.07" 0 0 0 0.2071 0.2053 0.2044 0.2027 0.1806
"TCGA.66.2742.01A.01R.0980.07" 0 0 0 0.0414 0.0405 0.0404 0.5119 0.3658
"TCGA.66.2744.01A.01R.0980.07" 0.1587 0.1779 0.1628 0.0874 0.0812 0.0767 0.069 0.1863
"TCGA.66.2753.01A.01R.0980.07" 0 0 0 0.1535 0.1473 0.1501 0.4018 0.1473
"TCGA.66.2754.01A.01R.0980.07" 0.0518 0.0593 0.0601 0.0717 0.0655 0.0805 0.14 0.4711
"TCGA.66.2755.01A.01R.0851.07" 0.1664 0.1762 0.1802 0.057 0.0491 0.0501 0.0635 0.2576
"TCGA.66.2756.01A.01R.0851.07" 0 0 0 0.0548 0.0495 0.0484 0.3735 0.4737
"TCGA.66.2757.01A.01R.0851.07" 0 0 0 0.1172 0.1232 0.111 0.2077 0.441
"TCGA.66.2758.01A.02R.0851.07" 0.1358 0.1577 0.1595 0.0836 0.078 0.0891 0.0378 0.2584
"TCGA.66.2759.01A.01R.0851.07" 0.0517 0.0504 0.0509 0.066 0.0643 0.0635 0.2169 0.4363
"TCGA.66.2763.01A.01R.0851.07" 0 0 0 0.0351 0.0341 0.0336 0.4122 0.485
"TCGA.66.2765.01A.01R.0851.07" 0.0233 0.0249 0.0239 0.082 0.0799 0.0794 0.2638 0.4229
"TCGA.66.2766.01A.01R.0851.07" 0 0 0 0.0482 0.0511 0.0422 0.18 0.6785
"TCGA.66.2767.01A.01R.0851.07" 0.199 0.1982 0.1922 0.0645 0.0556 0.0525 0.0661 0.1719
"TCGA.66.2768.01A.01R.0851.07" 0.0461 0.0533 0.0531 0 0 0 0.0809 0.7665
"TCGA.66.2769.01A.02R.0851.07" 0.0791 0.0814 0.0892 0.1086 0.1045 0.105 0.1767 0.2555
"TCGA.66.2770.01A.01R.0851.07" 0.0048 0.0054 0.0055 0.1972 0.1948 0.1931 0.1955 0.2037
"TCGA.66.2771.01A.01R.0980.07" 0.0554 0.0546 0.0553 0.1907 0.1872 0.1867 0.1174 0.1526
"TCGA.66.2773.01A.01R.1201.07" 0.0714 0.0825 0.0825 0.0945 0.0982 0.0862 0.2069 0.2778
"TCGA.66.2777.01A.01R.1201.07" 0.0841 0.0984 0.0991 0.1277 0.1228 0.1133 0.0763 0.2783
"TCGA.66.2778.01A.02R.0851.07" 0.0626 0.0715 0.0723 0.0812 0.0799 0.0797 0.1086 0.4442
"TCGA.66.2780.01A.01R.0851.07" 0 0 0 0.1399 0.1351 0.1347 0.336 0.2543
"TCGA.66.2781.01A.01R.0851.07" 0 0 0 0.0476 0.05 0.0389 0.4251 0.4384
"TCGA.66.2782.01A.01R.0851.07" 0.0538 0.0508 0.0514 0.1087 0.1061 0.1062 0.2487 0.2742
"TCGA.66.2783.01A.01R.1201.07" 0.0786 0.0767 0.0736 0.0691 0.0706 0.0672 0.1792 0.3849
"TCGA.66.2785.01A.01R.0851.07" 0.18 0.2018 0.2118 0.0296 0.0283 0.0279 0 0.3205
"TCGA.66.2786.01A.01R.0851.07" 0.0325 0.0359 0.036 0.1613 0.1495 0.1539 0.2567 0.1742
"TCGA.66.2787.01A.01R.0980.07" 0.0412 0.0484 0.0474 0.2235 0.2141 0.2409 0.0823 0.1023
"TCGA.66.2788.01A.01R.0980.07" 0.0752 0.0766 0.0769 0.1181 0.115 0.1161 0.2055 0.2166
"TCGA.66.2789.01A.01R.0980.07" 0 0 0 0.0963 0.1073 0.0881 0.5061 0.2022
"TCGA.66.2790.01A.01R.0980.07" 0.0872 0.094 0.0909 0.1475 0.1559 0.1324 0.1139 0.1783
"TCGA.66.2791.01A.01R.0980.07" 0.123 0.1263 0.1255 0.1147 0.1115 0.1108 0.0713 0.2169
"TCGA.66.2792.01A.01R.0980.07" 0 0 0 0.1966 0.202 0.1911 0.2298 0.1805
"TCGA.66.2793.01A.01R.1201.07" 0 0 0 0.0324 0.0316 0.0343 0.6133 0.2885
"TCGA.66.2794.01A.01R.1201.07" 0.1582 0.1866 0.1817 0 0 0 0.0428 0.4308
"TCGA.66.2795.01A.02R.0980.07" 0 0 0 0.2853 0.2758 0.2756 0.0745 0.0888
"TCGA.66.2800.01A.01R.1201.07" 0.0419 0.0492 0.0496 0.2246 0.2278 0.1977 0.0779 0.1313
"TCGA.68.7755.01A.11R.2125.07" 0 0 0 0.1534 0.1574 0.1494 0.3612 0.1785
"TCGA.68.7756.01A.11R.2125.07" 0 0 0 0.2091 0.2032 0.2046 0.1881 0.1951
"TCGA.68.7757.01B.11R.2296.07" 0.0254 0.0257 0.0259 0.0506 0.0501 0.0501 0.3887 0.3835
"TCGA.68.8250.01A.11R.2296.07" 0.135 0.1612 0.1393 0.0595 0.0608 0.0559 0.1932 0.1951
"TCGA.68.8251.01A.11R.2296.07" 0.0866 0.088 0.0887 0.139 0.1371 0.1372 0.1804 0.1429
"TCGA.68.A59I.01A.11R.A262.07" 0.1495 0.1553 0.159 0.0199 0.0197 0.0191 0.213 0.2645
"TCGA.68.A59J.01A.21R.A26W.07" 0.0084 0.0106 0.0099 0.1757 0.1854 0.1587 0.1306 0.3206
"TCGA.6A.AB49.01A.12R.A405.07" 0 0 0 0.0489 0.0454 0.0585 0.2003 0.6468
"TCGA.70.6722.01A.11R.1820.07" 0.0066 0.0067 0.0067 0.0933 0.0914 0.091 0.3882 0.3161
"TCGA.70.6723.01A.11R.1820.07" 0 0 0 0.0513 0.0549 0.0453 0.404 0.4446
"TCGA.77.6842.01A.11R.1949.07" 0.1687 0.1759 0.1742 0.0187 0.0187 0.0181 0.0818 0.3439
"TCGA.77.6843.01A.11R.1949.07" 0 0 0 0.2819 0.2581 0.3407 0.0639 0.0554
"TCGA.77.6844.01A.11R.1949.07" 0.0375 0.0445 0.046 0.0365 0.0368 0.0326 0.365 0.4011
"TCGA.77.6845.01A.11R.1949.07" 0 0 0 0.0487 0.0528 0.0458 0.3344 0.5183
"TCGA.77.7138.11A.01R.2045.07" 0.2433 0.2713 0.2676 0.0358 0.0359 0.0349 0.0634 0.0479
"TCGA.77.7138.01A.41R.2045.07" 0.0417 0.0462 0.0461 0.0524 0.053 0.0521 0.1129 0.5956
"TCGA.77.7139.01A.11R.2045.07" 0 0 0 0.2602 0.26 0.2696 0.0566 0.1536
"TCGA.77.7140.01A.41R.2045.07" 0 0 0 0.2096 0.2115 0.2137 0.1551 0.21
"TCGA.77.7141.01A.11R.2045.07" 0.0205 0.0252 0.0233 0.1903 0.2075 0.1766 0.1143 0.2423
"TCGA.77.7142.11A.01R.2045.07" 0.2373 0.2715 0.2672 0.0391 0.0376 0.0381 0.1092 0
"TCGA.77.7142.01A.11R.2045.07" 0.0012 0.0016 0.0015 0.2673 0.2446 0.247 0.1296 0.1072
"TCGA.77.7335.11A.01R.2045.07" 0.1877 0.1684 0.17 0.1508 0.1477 0.1449 0.0305 0
"TCGA.77.7335.01A.11R.2045.07" 0.0947 0.0957 0.0961 0.0985 0.0977 0.0976 0.1255 0.2942
"TCGA.77.7337.11A.01R.2045.07" 0.2336 0.265 0.2606 0.0694 0.0674 0.068 0.0358 0
"TCGA.77.7337.01A.21R.2045.07" 0 0 0 0.0834 0.0821 0.0821 0.3136 0.4388
"TCGA.77.7338.11A.01R.2045.07" 0.2836 0.2729 0.2599 0.0447 0.0422 0.0429 0.0538 0
"TCGA.77.7338.01A.11R.2045.07" 0.0156 0.016 0.0156 0.0756 0.0743 0.074 0.3373 0.3917
"TCGA.77.7463.01A.11R.2045.07" 0 0 0 0.0432 0.0435 0.0439 0.481 0.3884
"TCGA.77.7465.01A.11R.2045.07" 0.1972 0.2363 0.217 0.0074 0.007 0.0077 0.191 0.1364
"TCGA.77.8007.11A.01R.2187.07" 0.1594 0.1607 0.1629 0.1286 0.126 0.1266 1e-04 0.1358
"TCGA.77.8007.01A.11R.2187.07" 0.0731 0.076 0.0751 0.1297 0.1265 0.1269 0.1353 0.2574
"TCGA.77.8008.11A.01R.2187.07" 0.1397 0.1397 0.1391 0.0796 0.0795 0.0784 0.104 0.24
"TCGA.77.8008.01A.21R.2187.07" 0.0432 0.0432 0.0432 0.0461 0.0459 0.0466 0.3399 0.3919
"TCGA.77.8009.01A.11R.2187.07" 0 0 0 0.0637 0.0682 0.0597 0.2046 0.6038
"TCGA.77.8128.01A.11R.2247.07" 0 0 0 0.2524 0.2499 0.2548 0.1761 0.0668
"TCGA.77.8130.01A.11R.2247.07" 0 0 0 0.0649 0.0643 0.0643 0.1891 0.6174
"TCGA.77.8131.01A.11R.2247.07" 0.1748 0.1827 0.1817 0.0618 0.0605 0.0605 0 0.2779
"TCGA.77.8133.01A.12R.2247.07" 0.2706 0.3185 0.3023 0 0 0 0.0206 0.088
"TCGA.77.8136.01A.11R.2247.07" 0.0381 0.0385 0.0386 0.1413 0.1421 0.141 0.1376 0.3228
"TCGA.77.8138.01A.11R.2247.07" 0 0 0 0.1078 0.0996 0.0944 0.2923 0.4058
"TCGA.77.8139.01A.11R.2247.07" 0.0383 0.0391 0.0392 0.0462 0.0452 0.0451 0.3239 0.4231
"TCGA.77.8140.01A.11R.2247.07" 0 0 0 0.0345 0.0319 0.0361 0.5697 0.3279
"TCGA.77.8143.01A.11R.2247.07" 0.0105 0.0134 0.0141 0.0572 0.0599 0.0558 0.2161 0.5731
"TCGA.77.8144.01A.11R.2247.07" 0.0019 0.0023 0.0023 0.0732 0.07 0.0709 0.0729 0.7067
"TCGA.77.8145.01A.11R.2247.07" 0.0065 0.0065 0.0065 0.2394 0.238 0.2379 0.1646 0.1005
"TCGA.77.8146.01A.11R.2247.07" 0.013 0.0149 0.0151 0.0675 0.0724 0.0624 0.2508 0.5039
"TCGA.77.8148.01A.11R.2247.07" 0 0 0 0.1628 0.1609 0.1637 0.2207 0.2919
"TCGA.77.8150.01A.11R.2247.07" 0.052 0.067 0.0618 0.1446 0.1127 0.1254 0.1415 0.295
"TCGA.77.8153.01A.11R.2403.07" 0 0 0 0.055 0.0575 0.0497 0.3429 0.4949
"TCGA.77.8154.01A.11R.2247.07" 0 0 0 0.0687 0.0668 0.0624 0.2916 0.5105
"TCGA.77.8156.01A.11R.2247.07" 0.1576 0.1619 0.1633 0.0553 0.0558 0.0549 0.0797 0.2715
"TCGA.77.A5FZ.01A.31R.A27Q.07" 0.315 0.3206 0.3191 0.0014 0.0014 0.0014 0.0282 0.0128
"TCGA.77.A5G1.01A.11R.A27Q.07" 0.1117 0.1038 0.1016 0 0 0 0.3151 0.3678
"TCGA.77.A5G3.01A.31R.A27Q.07" 0 0 0 0.2192 0.2121 0.2091 0.1994 0.1603
"TCGA.77.A5G6.01A.11R.A27Q.07" 0 0 0 0.1063 0.102 0.1009 0.3937 0.2971
"TCGA.77.A5G7.01B.11R.A27Q.07" 0 0 0 0.0536 0.0471 0.0485 0.4244 0.4264
"TCGA.77.A5G8.01B.11R.A27Q.07" 0 0 0 0.0992 0.102 0.0976 0.3645 0.3367
"TCGA.77.A5GA.01A.11R.A27Q.07" 0 0 0 0.0794 0.0811 0.0868 0.2644 0.4883
"TCGA.77.A5GB.01B.11R.A27Q.07" 0.0434 0.0449 0.0449 0.042 0.0413 0.0413 0.2667 0.4755
"TCGA.77.A5GF.01A.21R.A27Q.07" 0 0 0 0.1444 0.1437 0.1577 0.2878 0.2664
"TCGA.77.A5GH.01A.11R.A27Q.07" 0.1428 0.1518 0.1483 0.0322 0.0317 0.0311 0.2645 0.1976
"TCGA.79.5596.01A.31R.1949.07" 0 0 0 0.1598 0.1732 0.1506 0.2418 0.2746
"TCGA.85.6175.01A.11R.1820.07" 0.0266 0.0266 0.0266 0.2248 0.2248 0.2248 0.1362 0.1095
"TCGA.85.6560.01A.11R.1820.07" 0.0522 0.056 0.0547 0.1759 0.1808 0.1728 0.1019 0.2058
"TCGA.85.6561.01A.11R.1820.07" 0.1094 0.111 0.1108 0.11 0.1094 0.1091 0.1169 0.2232
"TCGA.85.6798.01A.11R.1949.07" 0 0 0 0.2396 0.24 0.2447 0.1054 0.1704
"TCGA.85.7696.01A.11R.2125.07" 0 0 0 0.2677 0.2713 0.2355 0.1365 0.0891
"TCGA.85.7697.01A.11R.2125.07" 0.0405 0.0418 0.0422 0.0483 0.0475 0.0472 0.3741 0.3584
"TCGA.85.7698.01A.11R.2125.07" 0.0575 0.0655 0.0652 0.1912 0.192 0.1876 0.1109 0.1301
"TCGA.85.7699.01A.11R.2125.07" 0.0953 0.099 0.0972 0.1206 0.1175 0.1163 0.1218 0.2321
"TCGA.85.7710.11A.01R.2125.07" 0.3277 0.305 0.2869 0.0266 0.0259 0.0279 0 0
"TCGA.85.7710.01A.11R.2125.07" 0.0467 0.0576 0.0514 0.0376 0.0385 0.0368 0.2345 0.497
"TCGA.85.7843.01A.11R.2125.07" 0 0 0 0.2071 0.2022 0.2019 0.2264 0.1624
"TCGA.85.7844.01A.11R.2125.07" 0 0 0 0.2224 0.2265 0.2208 0.1892 0.1411
"TCGA.85.7950.01A.11R.2187.07" 0.0881 0.0905 0.09 0.0854 0.0815 0.0812 0.1689 0.3144
"TCGA.85.8048.01A.11R.2247.07" 0.1504 0.1543 0.1537 0.1092 0.1063 0.1058 0.0796 0.1407
"TCGA.85.8049.01A.11R.2247.07" 0.1567 0.1595 0.1606 0.1112 0.1115 0.1096 0.069 0.1219
"TCGA.85.8052.01A.11R.2247.07" 0 0 0 0.2766 0.2734 0.2575 0.0475 0.145
"TCGA.85.8070.01A.11R.2247.07" 0.059 0.0648 0.0625 0.0659 0.0657 0.07 0.2033 0.4089
"TCGA.85.8071.01A.11R.2247.07" 0.0304 0.0304 0.0304 0.0686 0.0693 0.0683 0.3358 0.3667
"TCGA.85.8072.01A.31R.2247.07" 0.0509 0.059 0.0579 0 0 0 0.2111 0.6211
"TCGA.85.8276.01A.11R.2296.07" 0.0931 0.0943 0.094 0.1495 0.148 0.1491 0.0943 0.1778
"TCGA.85.8277.01A.11R.2296.07" 0 0 0 0.045 0.0447 0.0501 0.3639 0.4963
"TCGA.85.8287.01A.11R.2296.07" 0.1112 0.1123 0.112 0.1635 0.1642 0.1629 0.1179 0.056
"TCGA.85.8288.01A.11R.2296.07" 0.0352 0.0362 0.036 0.1119 0.1098 0.1098 0.2787 0.2824
"TCGA.85.8350.01A.11R.2296.07" 0.0192 0.02 0.0194 0.1715 0.1658 0.1659 0.1687 0.2695
"TCGA.85.8351.01A.11R.2296.07" 0.0355 0.0399 0.0384 0.0928 0.0872 0.0882 0.2656 0.3524
"TCGA.85.8352.01A.31R.2326.07" 0.0156 0.0212 0.0195 0.0508 0.0435 0.0433 0.3396 0.4665
"TCGA.85.8353.01A.21R.2296.07" 0.0868 0.0874 0.0877 0.1303 0.1281 0.1279 0.2068 0.1449
"TCGA.85.8354.01A.31R.2326.07" 0.0355 0.0431 0.0397 0.0678 0.0676 0.0718 0.0632 0.6115
"TCGA.85.8355.01A.11R.2296.07" 0.3266 0.3322 0.3293 0 0 0 0.0118 0
"TCGA.85.8479.01A.11R.2326.07" 0.072 0.0754 0.0759 0.0541 0.0518 0.0516 0.0745 0.5448
"TCGA.85.8481.01A.11R.2326.07" 0.0102 0.0104 0.0105 0.2138 0.216 0.2061 0.1667 0.1664
"TCGA.85.8580.01A.31R.2403.07" 0.1254 0.1564 0.1407 0.1207 0.1163 0.1238 0.131 0.0857
"TCGA.85.8582.01A.21R.2403.07" 0.0778 0.0778 0.0778 0.0823 0.0825 0.0821 0.1821 0.3375
"TCGA.85.8584.01A.11R.2403.07" 0.1636 0.1856 0.192 0.0165 0.0159 0.0159 0.0406 0.37
"TCGA.85.8664.01A.11R.2403.07" 0.0442 0.0529 0.0565 0.0671 0.0581 0.0557 0.2161 0.4493
"TCGA.85.8666.01A.11R.2403.07" 0.0023 0.0024 0.0024 0.2108 0.2125 0.2093 0.1385 0.2218
"TCGA.85.A4CL.01A.41R.A26W.07" 0.0553 0.0642 0.0626 0.1103 0.106 0.1071 0.0586 0.4359
"TCGA.85.A4CN.01A.11R.A24H.07" 0 0 0 0.219 0.2212 0.2159 0.1487 0.1951
"TCGA.85.A4JB.01A.51R.A262.07" 0.0081 0.0086 0.0084 0.0883 0.0865 0.0851 0.2916 0.4235
"TCGA.85.A4JC.01A.11R.A24Z.07" 0 0 0 0.1402 0.1392 0.1391 0.1848 0.3967
"TCGA.85.A4PA.01A.11R.A24Z.07" 0.3889 0.309 0.3021 0 0 0 0 0
"TCGA.85.A4QQ.01A.41R.A262.07" 0.0577 0.0683 0.067 0.0479 0.0464 0.0454 0.1449 0.5225
"TCGA.85.A4QR.01A.11R.A24Z.07" 0.0275 0.0226 0.0224 0.0515 0.052 0.0451 0.2316 0.5472
"TCGA.85.A50M.01A.21R.A262.07" 0.101 0.1038 0.103 0.0424 0.0426 0.0416 0.2393 0.3263
"TCGA.85.A50Z.01A.21R.A262.07" 0 0 0 0 0 0 0.3334 0.6666
"TCGA.85.A510.01A.11R.A26W.07" 0.1895 0.2308 0.2204 0.0109 0.0094 0.0094 0.0625 0.2671
"TCGA.85.A511.01A.21R.A262.07" 0.0589 0.0597 0.0595 0.0315 0.031 0.0309 0.3157 0.4128
"TCGA.85.A512.01A.11R.A26W.07" 0 0 0 0.2562 0.2518 0.2611 0.1735 0.0574
"TCGA.85.A513.01A.12R.A26W.07" 0.2678 0.2268 0.2082 0.018 0.008 0.008 0.0545 0.2087
"TCGA.85.A53L.01A.21R.A26W.07" 0 0 0 0.0628 0.0651 0.0616 0.5342 0.2764
"TCGA.85.A5B5.01A.21R.A26W.07" 0 0 0 0.0731 0.0687 0.0775 0.3015 0.4792
"TCGA.90.6837.11A.01R.1949.07" 0.0906 0.097 0.1035 0.1148 0.114 0.1138 0.2175 0.1489
"TCGA.90.6837.01A.11R.1949.07" 0 0 0 0.1753 0.1742 0.1741 0.2419 0.2345
"TCGA.90.7766.01A.21R.2125.07" 0.2313 0.2819 0.2534 0.0072 0.0075 0.007 0.1761 0.0355
"TCGA.90.7767.11A.01R.2125.07" 0.0918 0.1007 0.1061 0.1801 0.1732 0.1752 0.1409 0.0319
"TCGA.90.7767.01A.11R.2125.07" 0.0596 0.0605 0.0612 0.1528 0.1539 0.1521 0.1446 0.2154
"TCGA.90.7769.01A.11R.2125.07" 0 0 0 0.0684 0.0735 0.0615 0.2147 0.5819
"TCGA.90.7964.01A.21R.2187.07" 0.0091 0.0087 0.0088 0.2413 0.2351 0.2313 0.1196 0.146
"TCGA.90.A4ED.01A.31R.A24Z.07" 0.0688 0.0701 0.0708 0.0348 0.0335 0.0337 0.2141 0.4743
"TCGA.90.A4EE.01A.11R.A24Z.07" 0.2052 0.2155 0.2128 0.0255 0.0257 0.0247 0.0308 0.2598
"TCGA.90.A59Q.01A.11R.A26W.07" 0.1916 0.185 0.1848 0 0 0 0.0826 0.356
"TCGA.92.7340.11A.01R.2045.07" 0.2772 0.3071 0.3223 0.0047 0.0045 0.0045 0.0797 0
"TCGA.92.7340.01A.21R.2045.07" 0.0544 0.0549 0.055 0.0748 0.0745 0.0745 0.3365 0.2755
"TCGA.92.7341.01A.31R.2045.07" 0 0 0 0.1545 0.1533 0.1556 0.3014 0.2352
"TCGA.92.8063.01A.11R.2247.07" 0 0 0 0.066 0.0641 0.0641 0.5166 0.2892
"TCGA.92.8064.01A.11R.2247.07" 0.0848 0.0869 0.0878 0.0807 0.0808 0.0797 0.1035 0.3958
"TCGA.92.8065.01A.11R.2247.07" 0.071 0.0756 0.0743 0.0255 0.0255 0.0255 0.2797 0.4229
"TCGA.94.7033.01A.11R.1949.07" 0.024 0.0284 0.0308 0.058 0.0546 0.0547 0.119 0.6304
"TCGA.94.7557.01A.11R.2125.07" 0 0 0 0.1113 0.109 0.1065 0.4268 0.2464
"TCGA.94.7943.01A.11R.2187.07" 0.0747 0.0885 0.0862 0.0481 0.0476 0.0439 0.2064 0.4045
"TCGA.94.8035.01A.11R.2247.07" 0.0282 0.0343 0.0347 0.0724 0.0685 0.0735 0.2076 0.4807
"TCGA.94.8490.01A.11R.2326.07" 0 0 0 0.0475 0.0458 0.045 0.3983 0.4634
