"CD4_na" "CD4_cenm" "CD4_efm" "CD8_na" "CD8_cenm" "CD8_efm" "Treg" "T gamma delta"
"TCGA.04.1348.01A.01R.1565.13" 0.1497 0.1786 0.1728 0.0502 0.0506 0.0501 0 0.3482
"TCGA.04.1357.01A.01R.1565.13" 0.2317 0.2956 0.2973 0 0 0 0.0407 0.1347
"TCGA.04.1362.01A.01R.1565.13" 0.1033 0.124 0.1384 0.0595 0.0543 0.0554 0.1489 0.3162
"TCGA.04.1364.01A.01R.1565.13" 0.0917 0.116 0.1137 0.0409 0.041 0.0463 0.1513 0.3992
"TCGA.04.1365.01A.01R.1565.13" 0.1191 0.1427 0.1402 0.0518 0.0524 0.0512 0.1618 0.2807
"TCGA.04.1514.01A.01R.1566.13" 0.0712 0.0906 0.0833 0.0507 0.0551 0.0413 0.3862 0.2216
"TCGA.04.1519.01A.01R.1565.13" 0.1352 0.1548 0.1537 0.0514 0.0492 0.0474 0.1627 0.2454
"TCGA.09.0364.01A.02R.1564.13" 0.055 0.0734 0.0674 0.0423 0.0382 0.0504 0.2599 0.4134
"TCGA.09.0366.01A.01R.1564.13" 0.2021 0.2342 0.2543 0.0398 0.0433 0.0289 0 0.1974
"TCGA.09.0367.01A.01R.1564.13" 0.0842 0.115 0.1147 0.046 0.0402 0.0454 0.1399 0.4146
"TCGA.09.0369.01A.01R.1564.13" 0.0131 0.0164 0.0169 0.1089 0.1123 0.0988 0.5123 0.1212
"TCGA.09.1659.01B.01R.1564.13" 0.0795 0.0932 0.0859 0.0778 0.0767 0.0797 0.1254 0.3819
"TCGA.09.1662.01A.01R.1566.13" 0.1212 0.1582 0.1484 0.0611 0.0568 0.0559 0.077 0.3215
"TCGA.09.1666.01A.01R.1566.13" 0.1105 0.1418 0.1361 0.0757 0.0724 0.0732 0.1364 0.254
"TCGA.09.1667.01C.01R.1566.13" 0.1513 0.1464 0.1421 0.0785 0.0684 0.0825 0.0891 0.2416
"TCGA.09.1668.01B.01R.1566.13" 0.1694 0.2193 0.2181 0.0196 0.0176 0.0216 0.1606 0.1737
"TCGA.09.1669.01A.01R.1566.13" 0.0687 0.0841 0.0857 0.1207 0.1281 0.1192 0.1546 0.239
"TCGA.09.1670.01A.01R.1566.13" 0.0756 0.0858 0.0875 0.1244 0.1106 0.1122 0.2935 0.1103
"TCGA.09.1673.01A.01R.1566.13" 0.0961 0.1227 0.1198 0.0787 0.0813 0.0681 0.1173 0.3161
"TCGA.09.1674.01A.01R.1566.13" 0.0226 0.0294 0.027 0.1608 0.1699 0.1328 0.2376 0.2201
"TCGA.09.2044.01B.01R.1568.13" 0.0815 0.1039 0.1127 0.1569 0.1644 0.1375 0.0482 0.1949
"TCGA.09.2045.01A.01R.1568.13" 0.1148 0.1051 0.098 0.0499 0.0448 0.0483 0.2658 0.2733
"TCGA.09.2048.01A.01R.1568.13" 0.0462 0.053 0.0594 0.0997 0.0934 0.1051 0.1401 0.403
"TCGA.09.2051.01A.01R.1568.13" 0.1391 0.1638 0.1719 0.0257 0.0248 0.025 0.1111 0.3385
"TCGA.09.2054.01A.01R.1568.13" 0.0852 0.1051 0.1098 0.0989 0.0912 0.0791 0.2112 0.2197
"TCGA.09.2056.01B.01R.1568.13" 0.1171 0.1133 0.1192 0.0783 0.0761 0.0803 0.1883 0.2274
"TCGA.10.0928.01A.02R.1564.13" 0.134 0.1775 0.1922 0.0352 0.0335 0.0399 0.1256 0.2622
"TCGA.10.0936.01A.01R.1564.13" 0.1618 0.1977 0.201 0.025 0.0249 0.025 0.024 0.3406
"TCGA.13.0730.01A.01R.1564.13" 0 0 0 0.139 0.1341 0.1353 0.2787 0.3129
"TCGA.13.0799.01A.01R.1564.13" 0.129 0.1729 0.1859 0.0234 0.0227 0.0246 0.1589 0.2825
"TCGA.13.0800.01A.01R.1564.13" 0.0302 0.0365 0.0356 0.2219 0.2191 0.176 0.0611 0.2196
"TCGA.13.0801.01A.01R.1564.13" 0.1111 0.1349 0.1522 0.1441 0.1412 0.1433 0 0.1732
"TCGA.13.0890.01A.01R.1564.13" 0.0298 0.0434 0.0448 0.1808 0.1785 0.1775 0.1586 0.1865
"TCGA.13.0893.01B.01R.1565.13" 0.0369 0.0517 0.0525 0.0899 0.0884 0.0883 0.4558 0.1364
"TCGA.13.0897.01A.01R.1564.13" 0.0408 0.0476 0.0472 0.0611 0.0605 0.0605 0.4431 0.2392
"TCGA.13.0899.01A.01R.1564.13" 0.0751 0.096 0.0972 0.0765 0.0775 0.0589 0.1534 0.3655
"TCGA.13.0913.01A.01R.1564.13" 0.1103 0.1398 0.1337 0.0338 0.0331 0.0343 0.1231 0.3918
"TCGA.13.0916.01A.01R.1564.13" 0.1359 0.1893 0.1685 0.0231 0.0228 0.0228 0.1138 0.3238
"TCGA.13.0920.01A.01R.1564.13" 0.0493 0.0621 0.0598 0.1378 0.126 0.1572 0.125 0.2828
"TCGA.13.0924.01A.01R.1564.13" 0.1609 0.2334 0.2401 0.0612 0.0605 0.0605 0.0785 0.1048
"TCGA.13.1403.01A.01R.1565.13" 0.0462 0.0613 0.0589 0.1187 0.1155 0.1143 0.3796 0.1054
"TCGA.13.1405.01A.01R.1565.13" 0.0433 0.0532 0.0496 0.1117 0.1104 0.1104 0.3055 0.2159
"TCGA.13.1410.01A.01R.1565.13" 0.104 0.1223 0.1133 0.0457 0.0442 0.0443 0.2534 0.2727
"TCGA.13.1411.01A.01R.1565.13" 0.1359 0.1568 0.1561 0.0584 0.0586 0.0581 0.1271 0.2491
"TCGA.13.1481.01A.01R.1565.13" 0.0171 0.0202 0.0204 0.1728 0.1693 0.169 0.324 0.1072
"TCGA.13.1489.02A.01R.1565.13" 0.206 0.2002 0.212 0.0312 0.0333 0.0302 0 0.2871
"TCGA.13.1497.01A.01R.1565.13" 0.0572 0.0663 0.0675 0.1397 0.1408 0.1376 0.2119 0.179
"TCGA.13.1498.01A.01R.1565.13" 0.1066 0.0921 0.0917 0.1127 0.1111 0.1119 0.1165 0.2574
"TCGA.13.1505.01A.01R.1565.13" 0.04 0.046 0.0467 0.1394 0.1384 0.1374 0.3277 0.1244
"TCGA.13.1506.01A.01R.1565.13" 0.0696 0.086 0.084 0.1153 0.119 0.1021 0.1263 0.2977
"TCGA.13.1507.01A.01R.1565.13" 0.1108 0.1036 0.1023 0.0732 0.0744 0.0725 0.2018 0.2614
"TCGA.13.1511.01A.01R.1565.13" 0 0 0 0.2223 0.2211 0.2194 0.2656 0.0716
"TCGA.13.1512.01A.01R.1565.13" 0.0135 0.0129 0.0127 0.1436 0.1412 0.1421 0.312 0.222
"TCGA.13.2060.01A.01R.1568.13" 0.1267 0.1205 0.1257 0.088 0.0861 0.0875 0.147 0.2185
"TCGA.13.A5FT.01A.11R.A406.31" 0.101 0.1371 0.1313 0.0351 0.0305 0.0322 0.1542 0.3788
"TCGA.20.1682.01A.01R.1564.13" 0.1021 0.124 0.1219 0.0947 0.0956 0.0941 0.1825 0.1851
"TCGA.20.1683.01A.01R.1566.13" 0.1448 0.1324 0.1356 0.049 0.0507 0.0427 0.1338 0.3111
"TCGA.20.1684.01A.01R.1566.13" 0.0356 0.0449 0.0448 0.181 0.1595 0.1908 0.096 0.2474
"TCGA.20.1685.01A.01R.1566.13" 0.1445 0.1742 0.1624 0.0754 0.0688 0.0816 0.1137 0.1793
"TCGA.20.1687.01A.01R.1566.13" 0.0872 0.1099 0.1131 0.1433 0.1433 0.1433 0.1871 0.0729
"TCGA.23.1023.01R.01R.1564.13" 0.0614 0.0732 0.0735 0.087 0.084 0.0842 0.2506 0.2861
"TCGA.23.1026.01B.01R.1569.13" 0.0463 0.0581 0.063 0.0968 0.0962 0.0964 0.2421 0.301
"TCGA.23.1027.01A.02R.1564.13" 0.0472 0.0684 0.0702 0.1124 0.1119 0.1109 0.3236 0.1555
"TCGA.23.1029.01B.01R.1567.13" 0.072 0.0872 0.076 0.056 0.0517 0.0598 0.3019 0.2955
"TCGA.23.1109.01A.01R.1564.13" 0.0853 0.1047 0.0916 0.0596 0.0628 0.0534 0.195 0.3476
"TCGA.23.1111.01A.01R.1567.13" 0.1392 0.1768 0.1736 0.061 0.0535 0.0539 0.0962 0.2459
"TCGA.23.1114.01B.01R.1566.13" 0.0161 0.0202 0.0194 0.2365 0.259 0.2053 0.2121 0.0315
"TCGA.23.1120.01A.02R.1565.13" 0.1066 0.1304 0.116 0.0651 0.0567 0.0639 0.2182 0.2431
"TCGA.23.1122.01A.01R.1565.13" 0.0691 0.0822 0.0859 0.1374 0.1452 0.1101 0.1874 0.1826
"TCGA.23.1123.01A.01R.1565.13" 0.1764 0.2232 0.204 0.075 0.0765 0.072 0.0628 0.1102
"TCGA.23.1809.01A.01R.1566.13" 0 0 0 0.0631 0.0657 0.0559 0.1151 0.7002
"TCGA.23.2077.01A.01R.1568.13" 0.0897 0.106 0.1046 0.0872 0.0844 0.0836 0.1306 0.314
"TCGA.23.2078.01A.01R.1568.13" 0.1874 0.1672 0.1667 0.0384 0.0387 0.0381 0.204 0.1595
"TCGA.23.2081.01A.01R.1568.13" 0.0074 0.0088 0.009 0.1399 0.122 0.137 0.4668 0.109
"TCGA.23.2084.01A.02R.1568.13" 0.0315 0.0402 0.0415 0.0731 0.0743 0.0716 0.4564 0.2114
"TCGA.24.0975.01A.02R.1565.13" 0.0231 0.027 0.0267 0.1325 0.1319 0.1311 0.3135 0.2143
"TCGA.24.1103.01A.01R.1565.13" 0.1082 0.1406 0.1555 0.0412 0.0364 0.0438 0.1508 0.3235
"TCGA.24.1413.01A.01R.1565.13" 0.1371 0.1694 0.1697 0.0637 0.0611 0.0564 0.1158 0.2268
"TCGA.24.1416.01A.01R.1565.13" 0.1523 0.1864 0.1789 0.0565 0.0553 0.0518 0.0993 0.2194
"TCGA.24.1417.01A.01R.1565.13" 0.1322 0.192 0.1839 0.0527 0.0534 0.0516 0.1548 0.1793
"TCGA.24.1418.01A.01R.1565.13" 0.0305 0.0368 0.0368 0.23 0.2274 0.2277 0.1722 0.0387
"TCGA.24.1419.01A.01R.1565.13" 0.0659 0.0801 0.0808 0.0433 0.044 0.0381 0.4513 0.1966
"TCGA.24.1423.01A.01R.1565.13" 0.0765 0.1046 0.1042 0.0513 0.0444 0.0543 0.2486 0.3161
"TCGA.24.1424.01A.01R.1565.13" 0.0314 0.0314 0.0296 0.1561 0.1491 0.1487 0.3357 0.118
"TCGA.24.1425.01A.02R.1566.13" 0.1238 0.1417 0.1431 0.0423 0.0423 0.0423 0.2533 0.2113
"TCGA.24.1427.01A.01R.1565.13" 0.0758 0.0702 0.0714 0.1666 0.1683 0.1647 0.1647 0.1183
"TCGA.24.1428.01A.01R.1564.13" 0.0968 0.1163 0.1222 0.0487 0.0427 0.0541 0 0.5192
"TCGA.24.1430.01A.01R.1566.13" 0.0189 0.0193 0.0182 0.1264 0.1194 0.1379 0.2969 0.2629
"TCGA.24.1434.01A.01R.1566.13" 0.0546 0.0644 0.064 0.1047 0.1047 0.1047 0.3411 0.1617
"TCGA.24.1435.01A.01R.1566.13" 0.0457 0.0528 0.0528 0.1293 0.1297 0.1286 0.3376 0.1237
"TCGA.24.1436.01A.01R.1566.13" 0.108 0.1059 0.1037 0.0469 0.0473 0.0465 0.2774 0.2642
"TCGA.24.1463.01A.01R.1566.13" 0.1191 0.1085 0.1096 0.0668 0.0676 0.0653 0.3512 0.1118
"TCGA.24.1467.01A.01R.1566.13" 0.0599 0.055 0.0509 0.1586 0.1386 0.1794 0.1986 0.159
"TCGA.24.1469.01A.01R.1566.13" 0.042 0.0514 0.0493 0.1583 0.1403 0.139 0.111 0.3086
"TCGA.24.1474.01A.01R.1566.13" 0.0894 0.1121 0.1267 0.1428 0.1529 0.1344 0.0708 0.1708
"TCGA.24.1544.01A.01R.1566.13" 0.0103 0.0126 0.0175 0.2488 0.2387 0.2735 0.0511 0.1475
"TCGA.24.1545.01A.01R.1566.13" 0.1391 0.1654 0.1656 0.0672 0.0676 0.0666 0.1304 0.1981
"TCGA.24.1546.01A.01R.1566.13" 0.0463 0.0537 0.0549 0.105 0.1057 0.1039 0.3608 0.1697
"TCGA.24.1548.01A.01R.1566.13" 0.0514 0.0744 0.0722 0.1424 0.121 0.1155 0.1403 0.2829
"TCGA.24.1549.01A.01R.1566.13" 0.1174 0.1403 0.1323 0.0361 0.0314 0.0352 0.2204 0.2868
"TCGA.24.1550.01A.01R.1566.13" 0.0925 0.0837 0.0852 0.0995 0.1047 0.0911 0.1828 0.2604
"TCGA.24.1551.01A.01R.1566.13" 0.1743 0.204 0.2228 0.0466 0.0472 0.0464 0 0.2587
"TCGA.24.1552.01A.01R.1566.13" 0.0633 0.0739 0.0689 0.0883 0.0793 0.0855 0.342 0.1988
"TCGA.24.1553.01A.01R.1566.13" 0.2198 0.2571 0.2547 0.0049 0.0043 0.0048 0.0258 0.2286
"TCGA.24.1555.01A.01R.1566.13" 0.0848 0.1064 0.1118 0.0546 0.0487 0.0568 0.1916 0.3452
"TCGA.24.1556.01A.01R.1566.13" 0.1827 0.2149 0.1859 0.0439 0.0427 0.0424 0.1065 0.181
"TCGA.24.1557.01A.01R.1566.13" 0.0434 0.0557 0.0576 0.1098 0.098 0.0961 0.2143 0.3253
"TCGA.24.1558.01A.01R.1566.13" 0.0587 0.0694 0.0721 0.071 0.0629 0.0622 0.2771 0.3264
"TCGA.24.1560.01A.01R.1566.13" 0.1224 0.1542 0.1487 0.0759 0.0667 0.0663 0.0965 0.2693
"TCGA.24.1562.01A.01R.1566.13" 0.1 0.1152 0.1317 0.0594 0.0581 0.0585 0.3103 0.1667
"TCGA.24.1563.01A.01R.1566.13" 0.0264 0.0308 0.0306 0.1885 0.1877 0.1893 0.213 0.1337
"TCGA.24.1564.01A.01R.1566.13" 0.1054 0.1283 0.1321 0.1133 0.114 0.111 0.1188 0.1772
"TCGA.24.1567.01A.01R.1566.13" 0 0 0 0.3479 0.3048 0.3071 0.0069 0.0333
"TCGA.24.1603.01A.01R.1566.13" 0.147 0.1756 0.1721 0.0406 0.0377 0.044 0.1493 0.2336
"TCGA.24.1604.01A.01R.1566.13" 0.1166 0.1363 0.1373 0.0574 0.0504 0.0567 0.1318 0.3136
"TCGA.24.1616.01A.01R.1566.13" 0.0985 0.1273 0.1273 0.0541 0.0497 0.0478 0.1997 0.2956
"TCGA.24.1842.01A.01R.1567.13" 0.0993 0.147 0.1524 0.0741 0.0729 0.0661 0.0715 0.3166
"TCGA.24.1843.01A.01R.1567.13" 0.1055 0.1245 0.1284 0.0962 0.0975 0.0935 0.0456 0.3088
"TCGA.24.1844.01A.01R.1567.13" 0.1085 0.1287 0.123 0.0567 0.0513 0.0564 0.1374 0.338
"TCGA.24.1846.01A.01R.1567.13" 0.1511 0.1816 0.1652 0.0491 0.0494 0.0488 0.1274 0.2275
"TCGA.24.1847.01A.01R.1566.13" 0.1247 0.1756 0.1808 0.0741 0.0734 0.0734 0 0.298
"TCGA.24.1849.01A.01R.1567.13" 0.186 0.2166 0.219 0.0324 0.0325 0.0322 0.1108 0.1705
"TCGA.24.1850.01A.01R.1567.13" 0.0775 0.0773 0.0755 0.0736 0.0747 0.0712 0.1568 0.3934
"TCGA.24.1924.01A.01R.1567.13" 0.1139 0.1333 0.1463 0.0919 0.0848 0.0987 0.0871 0.244
"TCGA.24.1928.01A.01R.1567.13" 0.064 0.072 0.0718 0.0922 0.093 0.0919 0.2625 0.2526
"TCGA.24.1930.01A.01R.1567.13" 0.1014 0.1161 0.1215 0.0736 0.0742 0.0731 0.1321 0.3081
"TCGA.24.2019.01A.02R.1568.13" 0.0995 0.1175 0.1195 0.0658 0.0636 0.0623 0.1922 0.2796
"TCGA.24.2020.01A.01R.1567.13" 0.0495 0.0451 0.0548 0.06 0.0615 0.0522 0.3386 0.3383
"TCGA.24.2023.01A.01R.1567.13" 0.1094 0.1396 0.1393 0.0528 0.046 0.0563 0.102 0.3546
"TCGA.24.2024.01A.02R.1568.13" 0.0222 0.0263 0.0264 0.1501 0.1496 0.1517 0.3608 0.1129
"TCGA.24.2026.01A.01R.1567.13" 0.1554 0.1438 0.1488 0.1044 0.1162 0.0919 0.1608 0.0785
"TCGA.24.2027.01A.01R.1567.13" 0.0569 0.0734 0.0658 0.0303 0.0321 0.0255 0.2099 0.5062
"TCGA.24.2033.01A.01R.1568.13" 0.0099 0.0123 0.0129 0.2314 0.2284 0.2288 0.1661 0.1101
"TCGA.24.2035.01A.01R.1568.13" 0.0972 0.1224 0.1244 0.1066 0.1082 0.1051 0.1831 0.1529
"TCGA.24.2036.01A.01R.1568.13" 0.1637 0.1872 0.1932 0.0356 0.0375 0.0301 0.1409 0.2119
"TCGA.24.2038.01A.01R.1568.13" 0.1459 0.124 0.1235 0.0364 0.0347 0.0368 0.137 0.3616
"TCGA.24.2254.01A.01R.1568.13" 0.0777 0.0931 0.0964 0.1139 0.118 0.1021 0.2065 0.1922
"TCGA.24.2261.01A.01R.1568.13" 0.1517 0.1964 0.2039 0.0635 0.0555 0.063 0.074 0.1919
"TCGA.24.2262.01A.01R.1568.13" 0.1644 0.1963 0.1927 0.007 0.0061 0.006 0.1999 0.2277
"TCGA.24.2267.01A.01R.1568.13" 0.2354 0.2652 0.2621 0.0146 0.0143 0.013 0 0.1954
"TCGA.24.2271.01A.01R.1568.13" 0.1413 0.1675 0.1637 0.0683 0.0775 0.0676 0.1692 0.145
"TCGA.24.2281.01A.01R.1568.13" 0.1204 0.1477 0.1695 0.0715 0.0761 0.0694 0.054 0.2914
"TCGA.24.2288.01A.01R.1568.13" 0.1856 0.2319 0.2273 0.0269 0.0236 0.0262 0.1181 0.1604
"TCGA.24.2289.01A.01R.1568.13" 0.0337 0.0304 0.0303 0.179 0.1797 0.1779 0.2289 0.1402
"TCGA.24.2290.01A.01R.1568.13" 0.0718 0.0917 0.0996 0.1312 0.1245 0.1148 0.1126 0.2538
"TCGA.24.2293.01A.01R.1568.13" 0.1188 0.1408 0.1418 0.0983 0.0983 0.0983 0.1624 0.1413
"TCGA.24.2297.01A.01R.1568.13" 0.1237 0.1072 0.1018 0.0321 0.0343 0.0308 0.1817 0.3882
"TCGA.24.2298.01A.01R.1569.13" 0.0155 0.0168 0.0165 0.2029 0.206 0.201 0.2511 0.0902
"TCGA.25.1312.01A.01R.1565.13" 0.073 0.0953 0.0926 0.087 0.0942 0.0703 0.1314 0.3564
"TCGA.25.1313.01A.01R.1565.13" 0.0853 0.0943 0.0969 0.0868 0.0791 0.0935 0.2319 0.2323
"TCGA.25.1314.01A.01R.1565.13" 0.0836 0.0761 0.0787 0.0537 0.0527 0.0498 0.2867 0.3187
"TCGA.25.1315.01A.01R.1565.13" 0.0345 0.0425 0.0413 0.1867 0.1705 0.1551 0.1685 0.2008
"TCGA.25.1316.01A.01R.1565.13" 0.1066 0.1205 0.1158 0.0565 0.0502 0.0626 0.313 0.1749
"TCGA.25.1317.01A.01R.1565.13" 0.0235 0.0277 0.0328 0.2005 0.1823 0.2364 0.2555 0.0413
"TCGA.25.1318.01A.01R.1565.13" 0.0122 0.0154 0.0157 0.2306 0.2119 0.2284 0.2386 0.0471
"TCGA.25.1319.01A.01R.1565.13" 0.0863 0.1154 0.1102 0.126 0.1306 0.0956 0.1042 0.2316
"TCGA.25.1320.01A.01R.1565.13" 0.0377 0.0445 0.0442 0.2238 0.2217 0.2214 0.1341 0.0725
"TCGA.25.1321.01A.01R.1565.13" 0.0713 0.0868 0.0909 0.113 0.1019 0.1026 0.1642 0.2694
"TCGA.25.1322.01A.01R.1565.13" 0.0511 0.0742 0.0767 0.0944 0.0826 0.0917 0.2999 0.2293
"TCGA.25.1323.01A.01R.1565.13" 0.0097 0.0123 0.0126 0.2287 0.236 0.2104 0.1849 0.1054
"TCGA.25.1324.01A.01R.1565.13" 0.0926 0.1055 0.0936 0.1574 0.1463 0.192 0.0886 0.124
"TCGA.25.1326.01A.01R.1565.13" 0.0683 0.0807 0.0809 0.1389 0.1365 0.1368 0.1903 0.1675
"TCGA.25.1328.01A.01R.1565.13" 0.0549 0.0607 0.0719 0.1444 0.1261 0.1426 0.2987 0.1007
"TCGA.25.1329.01A.01R.1565.13" 0.078 0.0929 0.0934 0.0766 0.0769 0.0748 0.2552 0.2522
"TCGA.25.1623.01A.01R.1566.13" 0.0953 0.1136 0.1128 0.1245 0.1255 0.1237 0.1866 0.118
"TCGA.25.1625.01A.01R.1566.13" 0.0713 0.0823 0.0834 0.0729 0.0728 0.074 0.2268 0.3165
"TCGA.25.1626.01A.01R.1566.13" 0.0935 0.1091 0.1082 0.1494 0.1494 0.1494 0.1402 0.1009
"TCGA.25.1627.01A.01R.1566.13" 0.0565 0.0771 0.0804 0.1595 0.1654 0.1418 0.0997 0.2196
"TCGA.25.1628.01A.01R.1566.13" 0.0899 0.0823 0.0836 0.1226 0.1234 0.122 0.2079 0.1682
"TCGA.25.1630.01A.01R.1566.13" 0.1322 0.1611 0.1592 0.1315 0.1216 0.1169 0.0711 0.1065
"TCGA.25.1631.01A.01R.1569.13" 0.1036 0.1402 0.1402 0.0502 0.0514 0.0484 0.3576 0.1083
"TCGA.25.1632.01A.01R.1566.13" 0.0761 0.0998 0.0952 0.0743 0.0682 0.0823 0.2275 0.2765
"TCGA.25.1633.01A.01R.1566.13" 0.0619 0.0576 0.0585 0.1635 0.1663 0.157 0.1673 0.168
"TCGA.25.1634.01A.01R.1566.13" 0.0206 0.0254 0.0279 0.0295 0.0258 0.0264 0.5988 0.2457
"TCGA.25.1635.01A.01R.1566.13" 0.0532 0.0625 0.0618 0.1104 0.1099 0.1094 0.3222 0.1707
"TCGA.25.1870.01A.01R.1567.13" 0.0668 0.0889 0.0857 0.1517 0.1604 0.151 0.0922 0.2034
"TCGA.25.1871.01A.01R.1567.13" 0.0431 0.0584 0.0522 0.0733 0.0755 0.0707 0.416 0.2106
"TCGA.25.2042.01A.01R.1568.13" 0.0402 0.0349 0.0354 0.1686 0.1686 0.1686 0.197 0.1866
"TCGA.25.2391.01A.01R.1569.13" 0.1345 0.1554 0.1513 0.0793 0.0738 0.0771 0.1 0.2286
"TCGA.25.2392.01A.01R.1569.13" 0.1469 0.1811 0.2038 0.0927 0.0941 0.0915 0 0.1898
"TCGA.25.2393.01A.01R.1569.13" 0.0688 0.0837 0.0793 0.0601 0.0566 0.0663 0.307 0.2782
"TCGA.25.2396.01A.01R.1569.13" 0.0816 0.0972 0.0923 0.0668 0.0705 0.0627 0.192 0.3369
"TCGA.25.2397.01A.01R.1569.13" 0.0731 0.0654 0.0622 0.0638 0.0553 0.0621 0.4362 0.1819
"TCGA.25.2398.01A.01R.1569.13" 0.0354 0.0408 0.042 0.0956 0.0947 0.0942 0.4311 0.1662
"TCGA.25.2399.01A.01R.1569.13" 0.06 0.0767 0.0793 0.1397 0.1387 0.143 0.1974 0.1653
"TCGA.25.2400.01A.01R.1569.13" 0.06 0.0827 0.0797 0.0974 0.0842 0.0847 0.2461 0.2653
"TCGA.25.2401.01A.01R.1569.13" 0.0801 0.0935 0.0941 0.087 0.0865 0.0867 0.2708 0.2013
"TCGA.25.2404.01A.01R.1569.13" 0.0071 0.0085 0.0083 0.2622 0.2602 0.259 0.1153 0.0794
"TCGA.25.2409.01A.01R.1569.13" 0.0494 0.0708 0.0724 0.0429 0.0422 0.0423 0.433 0.247
"TCGA.29.1688.01A.01R.1566.13" 0.1307 0.1701 0.1644 0.06 0.0604 0.0595 0.1398 0.2152
"TCGA.29.1690.01A.01R.1566.13" 0.1291 0.1706 0.169 0.0544 0.0539 0.0552 0.1363 0.2314
"TCGA.29.1691.01A.01R.1566.13" 0.1137 0.1327 0.1327 0.0577 0.0633 0.0512 0.1723 0.2764
"TCGA.29.1693.01A.01R.1567.13" 0.0037 0.0054 0.0055 0.1186 0.1178 0.1194 0.4904 0.1392
"TCGA.29.1694.01A.01R.1567.13" 0.121 0.1394 0.1406 0.0203 0.0202 0.0202 0.445 0.0932
"TCGA.29.1695.01A.01R.1567.13" 0.089 0.1041 0.1077 0.1033 0.1033 0.1011 0.1874 0.2041
"TCGA.29.1696.01A.01R.1567.13" 0.1572 0.1329 0.1331 0.0611 0.0608 0.0614 0.1737 0.2198
"TCGA.29.1697.01A.01R.1567.13" 0.0768 0.0935 0.0916 0.1814 0.1849 0.1572 0.06 0.1546
"TCGA.29.1698.01A.01R.1567.13" 0.0259 0.0316 0.0317 0.223 0.2215 0.2217 0.1549 0.0898
"TCGA.29.1699.01A.01R.1567.13" 0.1239 0.15 0.1518 0.0864 0.0849 0.0859 0.1202 0.1969
"TCGA.29.1701.01A.01R.1567.13" 0.105 0.1 0.0991 0.1499 0.1463 0.1456 0.1127 0.1414
"TCGA.29.1702.01A.01R.1567.13" 0.0041 0.0053 0.0053 0.2215 0.2162 0.2666 0.171 0.1101
"TCGA.29.1703.01A.01R.1567.13" 0.0861 0.1078 0.0984 0.1126 0.1198 0.1176 0.1095 0.2481
"TCGA.29.1705.01A.01R.1567.13" 0.0332 0.0403 0.0402 0.1405 0.1388 0.1396 0.3818 0.0856
"TCGA.29.1710.01A.02R.1567.13" 0.1677 0.1491 0.1483 0.0654 0.0651 0.066 0.1366 0.2018
"TCGA.29.1711.01A.01R.1567.13" 0.1551 0.183 0.1596 0.0596 0.0582 0.0577 0.0684 0.2585
"TCGA.29.1761.01A.01R.1567.13" 0.0184 0.0216 0.0198 0.2655 0.2761 0.2385 0.0208 0.1393
"TCGA.29.1762.01A.01R.1567.13" 0.0939 0.118 0.1198 0.1461 0.1495 0.1267 0.0635 0.1824
"TCGA.29.1763.01A.02R.1567.13" 0.0572 0.0761 0.0754 0.1413 0.1253 0.1343 0.1543 0.236
"TCGA.29.1770.01A.01R.1567.13" 0.0316 0.0462 0.0471 0.1274 0.1262 0.1251 0.224 0.2723
"TCGA.29.1770.02A.01R.1567.13" 0.0264 0.0388 0.038 0.1977 0.1769 0.1961 0.1832 0.1429
"TCGA.29.1776.01A.01R.1567.13" 0.0766 0.1 0.1023 0.066 0.0582 0.0671 0.2664 0.2634
"TCGA.29.1778.01A.01R.1567.13" 0.0896 0.1144 0.1192 0.0997 0.1038 0.0797 0.1006 0.293
"TCGA.29.1781.01A.01R.1567.13" 0.1717 0.1658 0.1723 0.0497 0.0504 0.0481 0 0.342
"TCGA.29.1783.01A.01R.1567.13" 0.0678 0.0894 0.0908 0.1062 0.1118 0.0942 0.2234 0.2164
"TCGA.29.1784.01A.02R.1567.13" 0.1415 0.136 0.1428 0.1107 0.1126 0.1099 0 0.2465
"TCGA.29.1785.01A.01R.1567.13" 0.1037 0.12 0.1077 0.0764 0.0758 0.0759 0.1471 0.2934
"TCGA.29.2414.01A.02R.1569.13" 0.0407 0.0478 0.0479 0.1253 0.1236 0.1244 0.3125 0.1779
"TCGA.29.2414.02A.01R.1569.13" 0.2273 0.191 0.1983 0.0696 0.0652 0.089 0.04 0.1197
"TCGA.29.2425.01A.01R.1569.13" 0.0272 0.033 0.0308 0.2077 0.1924 0.2369 0.106 0.1661
"TCGA.29.2427.01A.01R.1569.13" 0.1096 0.1562 0.1585 0.0932 0.0938 0.093 0 0.2957
"TCGA.29.2428.01A.01R.1569.13" 0.1711 0.2276 0.2272 0.0038 0.0037 0.0038 0.0706 0.2921
"TCGA.29.A5NZ.01A.11R.A406.31" 0.0685 0.0823 0.0821 0.0522 0.0526 0.0519 0.4307 0.1797
"TCGA.30.1718.01A.01R.1567.13" 0.0296 0.0345 0.0348 0.2206 0.217 0.2183 0.1847 0.0606
"TCGA.30.1855.01A.01R.1567.13" 0.0669 0.0869 0.0766 0.0801 0.081 0.079 0.2489 0.2805
"TCGA.30.1857.01A.02R.1569.13" 0.1006 0.1168 0.1168 0.0365 0.0367 0.0363 0.4268 0.1295
"TCGA.30.1860.01A.01R.1568.13" 0.1491 0.1883 0.1852 0.0242 0.0239 0.024 0.0594 0.346
"TCGA.30.1861.01A.01R.1568.13" 0.0806 0.0703 0.0704 0.0367 0.0367 0.0367 0.3027 0.3659
"TCGA.30.1862.01A.02R.1568.13" 0.0836 0.0978 0.0997 0.082 0.0719 0.0806 0.2765 0.2078
"TCGA.30.1891.01A.01R.1568.13" 0.0172 0.0249 0.0253 0.1356 0.133 0.1341 0.2348 0.2951
"TCGA.31.1944.01A.01R.1568.13" 0.028 0.0366 0.0372 0.2188 0.2143 0.2125 0.1685 0.0842
"TCGA.31.1946.01A.01R.1568.13" 0.0596 0.0692 0.0691 0.1433 0.1425 0.1427 0.2355 0.1381
"TCGA.31.1951.01A.01R.1568.13" 0.1088 0.1324 0.1325 0.0549 0.0545 0.0553 0.2119 0.2498
"TCGA.31.1953.01A.01R.1568.13" 0.12 0.1108 0.1148 0.0752 0.0756 0.075 0.129 0.2995
"TCGA.31.1956.01A.01R.1568.13" 0.1667 0.1888 0.1863 0.0676 0.0683 0.0672 0.0666 0.1884
"TCGA.31.1959.01A.01R.1568.13" 0.1312 0.1213 0.1229 0.0728 0.0741 0.0721 0.2346 0.171
"TCGA.36.1568.01A.01R.1566.13" 0.1239 0.1607 0.1555 0.0475 0.0418 0.0489 0.1977 0.2238
"TCGA.36.1569.01A.01R.1566.13" 0.1009 0.1174 0.116 0.1313 0.1323 0.1303 0.1625 0.1093
"TCGA.36.1570.01A.01R.1566.13" 0.1293 0.1114 0.1138 0.0395 0.0391 0.0388 0.1744 0.3537
"TCGA.36.1571.01A.01R.1566.13" 0.0449 0.0417 0.0407 0.0534 0.0475 0.048 0.4093 0.3146
"TCGA.36.1574.01A.01R.1566.13" 0.0799 0.0925 0.0941 0.0608 0.0614 0.0606 0.2781 0.2726
"TCGA.36.1575.01A.01R.1566.13" 0 0 0 0.2817 0.248 0.2785 0.0962 0.0956
"TCGA.36.1576.01A.01R.1566.13" 0.0878 0.1044 0.1029 0.1512 0.1525 0.1502 0.1101 0.1409
"TCGA.36.1577.01A.01R.1566.13" 0 0 0 0.1841 0.193 0.1623 0.2988 0.1618
"TCGA.36.1578.01A.01R.1566.13" 0.1389 0.151 0.163 0.167 0.1496 0.1498 0 0.0807
"TCGA.36.1580.01A.01R.1566.13" 0.0764 0.0845 0.0849 0.1478 0.149 0.146 0.1522 0.1593
"TCGA.36.1581.01A.01R.1566.13" 0.2073 0.2669 0.2629 0 0 0 0.0832 0.1797
"TCGA.3P.A9WA.01A.11R.A406.31" 0.1071 0.1323 0.1468 0.0283 0.0246 0.0266 0.2141 0.3202
"TCGA.57.1582.01A.01R.1566.13" 0 0 0 0.2363 0.2059 0.2654 0.2409 0.0515
"TCGA.57.1583.01A.01R.1566.13" 0 0 0 0.1844 0.1895 0.1651 0.3884 0.0726
"TCGA.57.1584.01A.01R.1566.13" 0.1102 0.1371 0.137 0.0453 0.0396 0.0498 0.2317 0.2493
"TCGA.57.1585.01A.01R.1566.13" 0.049 0.0573 0.0575 0.203 0.2039 0.2015 0.1619 0.0659
"TCGA.57.1993.01A.01R.1568.13" 0.081 0.0978 0.095 0.1375 0.1198 0.1131 0.1231 0.2327
"TCGA.57.1994.01A.01R.1568.13" 0.2071 0.1845 0.1734 0.0444 0.047 0.0396 0.0857 0.2184
"TCGA.59.2348.01A.01R.1569.13" 0.1085 0.1636 0.1581 0.0508 0.0473 0.0537 0.1819 0.236
"TCGA.59.2350.01A.01R.1569.13" 0.0933 0.1166 0.1179 0.0636 0.0563 0.071 0.1639 0.3175
"TCGA.59.2351.01A.01R.1569.13" 0.096 0.1295 0.1279 0.0779 0.068 0.0821 0.0938 0.3249
"TCGA.59.2352.01A.01R.1569.13" 0 0 0 0.3014 0.2607 0.2399 0.0841 0.1139
"TCGA.59.2354.01A.01R.1569.13" 0.0765 0.0913 0.0926 0.1372 0.1376 0.1365 0.1874 0.141
"TCGA.59.2355.01A.01R.1569.13" 0.0678 0.0827 0.079 0.0866 0.0755 0.0857 0.1703 0.3524
"TCGA.59.2363.01A.01R.1569.13" 0.0426 0.0427 0.0411 0.0758 0.0738 0.0929 0.3693 0.2618
"TCGA.59.A5PD.01A.11R.A406.31" 0.0742 0.091 0.0981 0.0414 0.0422 0.0355 0.2494 0.3682
"TCGA.5X.AA5U.01A.11R.A406.31" 0.0782 0.0962 0.0919 0.0552 0.0518 0.0472 0.3866 0.193
"TCGA.61.1721.01A.01R.1569.13" 0.0775 0.0897 0.0886 0.0914 0.0886 0.1038 0.2832 0.1772
"TCGA.61.1724.01A.01R.1568.13" 0.1091 0.1267 0.1188 0.0897 0.0967 0.0765 0.1589 0.2236
"TCGA.61.1725.01A.01R.1567.13" 0.054 0.068 0.0678 0.1173 0.1163 0.118 0.3163 0.1424
"TCGA.61.1728.01A.01R.1568.13" 0.0964 0.116 0.1138 0.0718 0.0645 0.0791 0.185 0.2734
"TCGA.61.1733.01A.01R.1567.13" 0.0173 0.0165 0.0159 0.2053 0.2005 0.2056 0.2587 0.0801
"TCGA.61.1736.01B.01R.1568.13" 0.1051 0.0969 0.1031 0.1181 0.1128 0.1034 0.1146 0.246
"TCGA.61.1737.01A.01R.1567.13" 0.0498 0.0573 0.0575 0.1677 0.167 0.1669 0.242 0.0919
"TCGA.61.1738.01A.01R.1567.13" 0.0794 0.0957 0.1004 0.0535 0.0529 0.0529 0.2418 0.3235
"TCGA.61.1740.01A.01R.1567.13" 0.1936 0.2344 0.2392 0.0499 0.0556 0.0493 0 0.1781
"TCGA.61.1741.01A.02R.1567.13" 0.0809 0.0968 0.1058 0.0843 0.0776 0.0674 0.173 0.3141
"TCGA.61.1743.01A.01R.1568.13" 0.0643 0.0768 0.0778 0.0389 0.0378 0.0304 0.3552 0.3188
"TCGA.61.1900.01A.01R.1567.13" 0.031 0.0422 0.0388 0.1681 0.1819 0.1357 0.2281 0.1742
"TCGA.61.1907.01A.01R.1567.13" 0.1486 0.1778 0.1957 0.079 0.0785 0.0786 0 0.2418
"TCGA.61.1910.01A.01R.1567.13" 0.0604 0.0842 0.0707 0.0893 0.0804 0.0965 0.1358 0.3828
"TCGA.61.1914.01A.01R.1567.13" 0.0959 0.0912 0.0893 0.0894 0.0867 0.0892 0.163 0.2954
"TCGA.61.1917.01A.01R.1568.13" 0.0558 0.071 0.0812 0.1198 0.108 0.1123 0.1503 0.3016
"TCGA.61.1918.01A.01R.1568.13" 0.0944 0.1103 0.1052 0.0961 0.0839 0.0944 0.1689 0.2468
"TCGA.61.1919.01A.01R.1568.13" 0.08 0.0929 0.0935 0.0779 0.0774 0.0773 0.205 0.296
"TCGA.61.1995.01A.01R.1568.13" 0.1763 0.1679 0.146 0.0612 0.0535 0.0542 0.1257 0.2153
"TCGA.61.1998.01A.01R.1568.13" 0.0377 0.044 0.0453 0.1767 0.1876 0.1681 0.2261 0.1144
"TCGA.61.2000.01A.01R.1568.13" 0.1337 0.1327 0.1257 0.0784 0.0791 0.0781 0.084 0.2883
"TCGA.61.2002.01A.01R.1568.13" 0.0814 0.0944 0.0957 0.0995 0.0989 0.099 0.162 0.269
"TCGA.61.2003.01A.01R.1568.13" 0.1147 0.1436 0.1461 0.0576 0.0581 0.0562 0.2503 0.1734
"TCGA.61.2008.01A.02R.1568.13" 0.0454 0.0655 0.0677 0.0642 0.0625 0.0635 0.369 0.262
"TCGA.61.2008.02A.01R.1568.13" 0.1661 0.1408 0.1496 0.0196 0.0169 0.0196 0.0878 0.3996
"TCGA.61.2009.01A.01R.1568.13" 0.0357 0.0412 0.0416 0.2247 0.2224 0.2284 0.1386 0.0673
"TCGA.61.2012.01A.01R.1568.13" 0.0791 0.0887 0.0876 0.1183 0.1189 0.0937 0.0425 0.3711
"TCGA.61.2016.01A.01R.1568.13" 0.0977 0.1186 0.1184 0.0874 0.0854 0.0857 0.1508 0.2559
"TCGA.61.2088.01A.01R.1568.13" 0.1088 0.1249 0.1304 0.074 0.0818 0.0678 0.1013 0.3111
"TCGA.61.2092.01A.01R.1568.13" 0.1627 0.1723 0.1782 0.0228 0.0222 0.0267 0.0634 0.3516
"TCGA.61.2094.01A.01R.1568.13" 0.2421 0.2821 0.2689 0 0 0 0 0.2069
"TCGA.61.2095.01A.01R.1568.13" 0.1048 0.1337 0.1294 0.0617 0.069 0.063 0.2257 0.2128
"TCGA.61.2097.01A.02R.1568.13" 0.0913 0.1032 0.1249 0.0769 0.0756 0.0745 0.248 0.2056
"TCGA.61.2098.01A.01R.1568.13" 0.022 0.027 0.0272 0.247 0.2295 0.1974 0.1334 0.1166
"TCGA.61.2101.01A.01R.1568.13" 0 0 0 0.1516 0.1488 0.1511 0.4496 0.0989
"TCGA.61.2102.01A.01R.1568.13" 0.0282 0.0253 0.0261 0.0799 0.0816 0.0784 0.4566 0.224
"TCGA.61.2104.01A.01R.1568.13" 0.1939 0.1704 0.1659 0.0694 0.0687 0.0616 0.1099 0.1602
"TCGA.61.2109.01A.01R.1568.13" 0.1079 0.1021 0.0985 0.0812 0.0751 0.0847 0.1673 0.2831
"TCGA.61.2110.01A.01R.1568.13" 0.0992 0.1229 0.1226 0.067 0.0654 0.0695 0.132 0.3214
"TCGA.61.2111.01A.01R.1568.13" 0.1458 0.1877 0.1986 0.0541 0.052 0.0564 0.1283 0.1772
"TCGA.61.2113.01A.01R.1568.13" 0.1105 0.1309 0.1283 0.0548 0.0558 0.0531 0.1903 0.2763
"TCGA.OY.A56P.01A.12R.A406.31" 0.055 0.0711 0.0689 0.0465 0.0428 0.0525 0.3848 0.2784
"TCGA.OY.A56Q.01A.11R.A406.31" 0.0545 0.0657 0.0632 0.108 0.1 0.1206 0.2818 0.2061
"TCGA.VG.A8LO.01A.11R.A406.31" 0.0972 0.1313 0.1264 0.0629 0.0539 0.0581 0.1447 0.3255
"TCGA.WR.A838.01A.12R.A406.31" 0.0397 0.0512 0.0489 0.0533 0.0496 0.0562 0.2958 0.4053
