"CD4_na" "CD4_cenm" "CD4_efm" "CD8_na" "CD8_cenm" "CD8_efm" "Treg" "T gamma delta"
"TCGA.2A.A8VL.01A.21R.A37L.07" 0 0 0 0.224 0.2188 0.2005 0.1097 0.247
"TCGA.2A.A8VO.01A.11R.A37L.07" 0.0159 0.0163 0.0176 0.1306 0.111 0.1534 0.31 0.2451
"TCGA.2A.A8VT.01A.11R.A37L.07" 0.0932 0.0803 0.0749 0.0724 0.0759 0.0684 0.2698 0.2652
"TCGA.2A.A8VV.01A.11R.A37L.07" 0 0 0 0.1973 0.1795 0.2183 0.2593 0.1455
"TCGA.2A.A8VX.01A.11R.A37L.07" 0 0 0 0.066 0.0606 0.0705 0.5035 0.2993
"TCGA.2A.A8W1.01A.11R.A37L.07" 0.0414 0.0499 0.0535 0.1085 0.0975 0.0989 0.1579 0.3923
"TCGA.2A.A8W3.01A.11R.A37L.07" 0.046 0.0531 0.0548 0.074 0.0697 0.073 0.3741 0.2552
"TCGA.2A.AAYF.01A.11R.A41O.07" 0 0 0 0.1704 0.1565 0.1511 0.4092 0.1129
"TCGA.2A.AAYO.01A.11R.A41O.07" 0.2488 0.2557 0.2691 0.0333 0.0325 0.0262 0.0312 0.1032
"TCGA.2A.AAYU.01A.11R.A41O.07" 0 0 0 0.0761 0.0731 0.0773 0.5539 0.2196
"TCGA.4L.AA1F.01A.11R.A41O.07" 0.2194 0.2225 0.2225 0.0671 0.0709 0.063 0.0324 0.1022
"TCGA.CH.5737.01A.11R.1580.07" 0.0334 0.0399 0.0381 0.1401 0.1413 0.126 0.1898 0.2914
"TCGA.CH.5738.01A.11R.1580.07" 0.2194 0.2194 0.2228 0.0509 0.0511 0.0495 0.1261 0.0608
"TCGA.CH.5739.01A.11R.1580.07" 0.0887 0.1076 0.1049 0.0563 0.0599 0.0499 0.343 0.1897
"TCGA.CH.5740.01A.11R.1580.07" 0.051 0.0658 0.07 0.1225 0.1163 0.1247 0.2016 0.2482
"TCGA.CH.5741.01A.11R.1580.07" 0.0395 0.0467 0.0499 0.1167 0.1235 0.1083 0.1903 0.325
"TCGA.CH.5743.01A.21R.1580.07" 0.1519 0.154 0.1675 0.0496 0.0515 0.0528 0.1564 0.2163
"TCGA.CH.5744.01A.11R.1580.07" 0.0511 0.055 0.0571 0.0771 0.0753 0.0686 0.1782 0.4375
"TCGA.CH.5745.01A.11R.1580.07" 0.0723 0.0733 0.0794 0.1383 0.1446 0.1249 0.1784 0.1886
"TCGA.CH.5746.01A.11R.1580.07" 0.049 0.0464 0.0431 0.0938 0.0978 0.0919 0.3175 0.2604
"TCGA.CH.5748.01A.11R.1580.07" 0.016 0.0189 0.0174 0.0666 0.0657 0.063 0.4951 0.2573
"TCGA.CH.5750.01A.11R.1580.07" 0.2031 0.2368 0.2428 0.0413 0.0377 0.0427 0.1321 0.0635
"TCGA.CH.5751.01A.11R.1580.07" 0.2848 0.3625 0.3479 0 0 0 0.0048 0
"TCGA.CH.5752.01A.11R.1580.07" 0.0098 0.0114 0.0104 0.1225 0.1191 0.1219 0.3489 0.256
"TCGA.CH.5753.01A.11R.1580.07" 0.0608 0.0702 0.0727 0.1057 0.0983 0.097 0.2572 0.2381
"TCGA.CH.5754.01A.11R.1580.07" 0.2471 0.239 0.2154 0.0412 0.0408 0.0386 0.0246 0.1533
"TCGA.CH.5761.11A.01R.1580.07" 0.0849 0.0897 0.093 0.0591 0.061 0.0692 0.2506 0.2925
"TCGA.CH.5761.01A.11R.1580.07" 0.0068 0.0079 0.0072 0.0701 0.0676 0.0676 0.3697 0.4031
"TCGA.CH.5762.01A.11R.1580.07" 0.1767 0.1926 0.1834 0.0729 0.0803 0.0584 0.1768 0.0591
"TCGA.CH.5763.01A.11R.1580.07" 0.0235 0.0256 0.0242 0.1481 0.1445 0.1159 0.2271 0.2911
"TCGA.CH.5764.01A.21R.1580.07" 0.0291 0.0353 0.0343 0.1965 0.1909 0.209 0.2019 0.103
"TCGA.CH.5765.01A.11R.1580.07" 0 0 0 0.0522 0.05 0.0465 0.7093 0.1421
"TCGA.CH.5766.01A.11R.1580.07" 0.1616 0.182 0.1886 0.0434 0.0444 0.0391 0.1991 0.1418
"TCGA.CH.5767.11B.01R.1789.07" 0.0627 0.063 0.0643 0.0928 0.0902 0.0846 0.2128 0.3297
"TCGA.CH.5767.01A.11R.1789.07" 0.0496 0.0503 0.0485 0.0731 0.0711 0.0832 0.2376 0.3867
"TCGA.CH.5768.11A.01R.1580.07" 8e-04 7e-04 7e-04 0.1972 0.1977 0.1892 0.3234 0.0903
"TCGA.CH.5768.01A.11R.1580.07" 0.0349 0.0438 0.0418 0.0738 0.0735 0.0773 0.3552 0.2998
"TCGA.CH.5769.11A.01R.1580.07" 0.0139 0.0133 0.0122 0.1688 0.1726 0.1615 0.2503 0.2074
"TCGA.CH.5769.01A.11R.1580.07" 0.0158 0.0151 0.0138 0.144 0.1435 0.1383 0.3114 0.2181
"TCGA.CH.5771.01A.21R.1580.07" 0.1281 0.1314 0.1333 0.0573 0.0582 0.0521 0.1837 0.2559
"TCGA.CH.5772.01A.11R.1580.07" 0.0426 0.0413 0.0402 0.1266 0.1245 0.1191 0.3023 0.2033
"TCGA.CH.5788.01A.11R.1580.07" 0 0 0 0.1455 0.1456 0.1525 0.3548 0.2016
"TCGA.CH.5789.01A.11R.1580.07" 0.0245 0.0247 0.0253 0.0887 0.0921 0.0746 0.3361 0.334
"TCGA.CH.5790.01A.11R.1580.07" 0.0448 0.0522 0.0545 0.0851 0.0841 0.0819 0.3181 0.2794
"TCGA.CH.5791.01A.11R.1580.07" 0.0528 0.0512 0.0493 0.0522 0.0527 0.0513 0.2965 0.394
"TCGA.CH.5792.01A.11R.1580.07" 0.1881 0.1949 0.1937 0.034 0.0342 0.0262 0.0965 0.2323
"TCGA.CH.5794.01A.11R.1580.07" 0 0 0 0.2164 0.2098 0.2299 0.2165 0.1273
"TCGA.EJ.5494.01A.01R.1580.07" 0.0692 0.0785 0.0764 0.1947 0.1872 0.1834 0.1276 0.083
"TCGA.EJ.5495.01A.01R.1580.07" 0.1499 0.1683 0.1529 0.0444 0.0457 0.0402 0.2307 0.1679
"TCGA.EJ.5496.01A.01R.1580.07" 0.0313 0.0361 0.038 0.0696 0.0669 0.0727 0.3109 0.3744
"TCGA.EJ.5497.01A.02R.1580.07" 0.1217 0.1468 0.1446 0.046 0.0463 0.0426 0.2674 0.1845
"TCGA.EJ.5498.01A.01R.1580.07" 0.0892 0.1005 0.091 0.1295 0.1453 0.0923 0.1618 0.1903
"TCGA.EJ.5499.01A.01R.1580.07" 0.0981 0.1126 0.1138 0.0523 0.0508 0.0467 0.2915 0.2342
"TCGA.EJ.5501.01A.01R.1580.07" 0.0204 0.0207 0.0214 0.0729 0.0721 0.0657 0.4011 0.3258
"TCGA.EJ.5502.01A.01R.1580.07" 0.1445 0.1488 0.1461 0.0387 0.0387 0.0353 0.2047 0.2432
"TCGA.EJ.5503.01A.01R.1580.07" 0.14 0.1431 0.1467 0.049 0.0465 0.045 0.1728 0.2568
"TCGA.EJ.5504.01A.01R.1580.07" 0.0408 0.043 0.0437 0.0769 0.0719 0.0695 0.3173 0.337
"TCGA.EJ.5505.01A.01R.1580.07" 0.0383 0.0372 0.0363 0.07 0.0669 0.0668 0.3712 0.3134
"TCGA.EJ.5506.01A.01R.1580.07" 0.0395 0.0365 0.0365 0.0754 0.0711 0.071 0.4223 0.2476
"TCGA.EJ.5507.01A.01R.1580.07" 0.0687 0.0802 0.082 0.0385 0.037 0.0362 0.4267 0.2307
"TCGA.EJ.5508.01A.02R.1580.07" 0.1984 0.1903 0.1767 0.052 0.0548 0.048 0.2242 0.0554
"TCGA.EJ.5509.01A.01R.1580.07" 0.1708 0.1768 0.1638 0.0539 0.0533 0.0493 0.1226 0.2095
"TCGA.EJ.5510.01A.01R.1580.07" 0.0755 0.0788 0.0816 0.1211 0.1202 0.1034 0.251 0.1685
"TCGA.EJ.5511.01A.01R.1580.07" 0.0357 0.0369 0.0361 0.0798 0.0732 0.0775 0.3775 0.2834
"TCGA.EJ.5512.01A.01R.1580.07" 0.0077 0.0081 0.0079 0.1794 0.1701 0.1733 0.3314 0.1221
"TCGA.EJ.5514.01A.01R.1580.07" 0.1483 0.1665 0.1516 0.0529 0.0544 0.0413 0.161 0.224
"TCGA.EJ.5515.01A.01R.1580.07" 0 0 0 0.0724 0.0817 0.0563 0.3648 0.4248
"TCGA.EJ.5516.01A.01R.1580.07" 0.0964 0.0909 0.0869 0.0625 0.0659 0.0578 0.3418 0.1978
"TCGA.EJ.5517.01A.01R.1580.07" 0.0998 0.1062 0.1074 0.1691 0.1792 0.1407 0.1453 0.0524
"TCGA.EJ.5518.01A.01R.1580.07" 0.0919 0.087 0.0894 0.0624 0.0602 0.0564 0.1931 0.3596
"TCGA.EJ.5519.01A.01R.1580.07" 0.0367 0.0444 0.0466 0.1899 0.1923 0.1676 0.1174 0.205
"TCGA.EJ.5521.01A.01R.1580.07" 0 0 0 0.1533 0.1428 0.1493 0.3903 0.1643
"TCGA.EJ.5522.01A.01R.1580.07" 0.1631 0.153 0.1436 0.0402 0.0427 0.0373 0.2483 0.1717
"TCGA.EJ.5524.01A.01R.1580.07" 0.1398 0.168 0.1728 0.0426 0.0417 0.0405 0.2507 0.1437
"TCGA.EJ.5525.01A.01R.1580.07" 0 0 0 0.1062 0.1031 0.0994 0.6239 0.0674
"TCGA.EJ.5526.01A.01R.1580.07" 0.0732 0.0878 0.0831 0.1124 0.1193 0.1048 0.337 0.0823
"TCGA.EJ.5527.01A.01R.1580.07" 0.139 0.144 0.1498 0.0843 0.0894 0.076 0.2481 0.0695
"TCGA.EJ.5530.01A.01R.1580.07" 0.0032 0.003 0.0028 0.1604 0.1505 0.1473 0.3917 0.141
"TCGA.EJ.5531.01A.01R.1580.07" 0.1531 0.1595 0.1627 0.0385 0.0372 0.0301 0.199 0.2199
"TCGA.EJ.5532.01A.01R.1580.07" 0.0288 0.03 0.0312 0.0682 0.0656 0.0611 0.4303 0.2848
"TCGA.EJ.5542.01A.01R.1580.07" 0.0762 0.0904 0.0852 0.0536 0.0543 0.0486 0.3944 0.1973
"TCGA.EJ.7115.11A.01R.2118.07" 0.0563 0.0586 0.0585 0.0755 0.0737 0.0832 0.3498 0.2444
"TCGA.EJ.7115.01A.11R.2118.07" 0 0 0 0.1741 0.1731 0.1596 0.3987 0.0945
"TCGA.EJ.7123.11A.01R.1965.07" 0.0304 0.0311 0.0313 0.1221 0.1223 0.0889 0.2513 0.3225
"TCGA.EJ.7123.01A.11R.1965.07" 0.04 0.0466 0.0486 0.0602 0.0598 0.0588 0.2474 0.4386
"TCGA.EJ.7125.11A.01R.1965.07" 0.0349 0.0359 0.0356 0.128 0.1268 0.1467 0.1368 0.3553
"TCGA.EJ.7125.01A.11R.1965.07" 0.0252 0.0258 0.0253 0.1337 0.1384 0.1247 0.4007 0.1261
"TCGA.EJ.7218.01B.11R.A32O.07" 0.0476 0.0568 0.0523 0.0804 0.0733 0.0743 0.1726 0.4427
"TCGA.EJ.7312.01B.21R.A32O.07" 0 0 0 0.1856 0.1749 0.1758 0.2759 0.1878
"TCGA.EJ.7314.11A.01R.2118.07" 0.0956 0.0993 0.0996 0.0802 0.0801 0.0606 0.1445 0.3401
"TCGA.EJ.7314.01A.31R.2118.07" 0.0468 0.0544 0.0495 0.0671 0.0626 0.0641 0.2363 0.4192
"TCGA.EJ.7315.11A.01R.2118.07" 0.2169 0.2259 0.228 0.0916 0.091 0.0681 0.0456 0.0328
"TCGA.EJ.7315.01A.31R.2118.07" 0.2412 0.2495 0.2433 0.0337 0.0343 0.031 0.0657 0.1013
"TCGA.EJ.7317.11A.01R.2118.07" 0.0093 0.0088 0.0084 0.1461 0.1543 0.1053 0.358 0.2099
"TCGA.EJ.7317.01A.31R.2118.07" 0 0 0 0.1296 0.1231 0.1177 0.3947 0.2349
"TCGA.EJ.7318.01B.11R.A32O.07" 0.0292 0.0301 0.0321 0.0537 0.0516 0.0527 0.332 0.4187
"TCGA.EJ.7321.11A.01R.2263.07" 0.0922 0.1025 0.0976 0.1568 0.1505 0.1386 0.0894 0.1725
"TCGA.EJ.7321.01A.31R.2263.07" 0.1637 0.194 0.2021 0.0547 0.0511 0.0582 0.1079 0.1683
"TCGA.EJ.7325.01B.11R.A32O.07" 0 0 0 0.2987 0.2498 0.3422 0.0413 0.068
"TCGA.EJ.7327.11A.01R.2118.07" 0.0027 0.0031 0.0029 0.0718 0.0766 0.0708 0.4092 0.3628
"TCGA.EJ.7327.01A.11R.2118.07" 0.0822 0.0848 0.0877 0.08 0.0747 0.0728 0.2625 0.2554
"TCGA.EJ.7328.11A.01R.2118.07" 0.0604 0.0627 0.0632 0.1905 0.191 0.1399 0.1742 0.1181
"TCGA.EJ.7328.01A.31R.2118.07" 0.1833 0.1883 0.1737 0.0962 0.0838 0.1017 0.0578 0.1153
"TCGA.EJ.7330.11A.01R.2118.07" 0.0768 0.0795 0.0786 0.1961 0.1949 0.1457 0.0664 0.162
"TCGA.EJ.7330.01A.11R.2118.07" 0.0654 0.0608 0.0617 0.1162 0.1217 0.1048 0.2404 0.229
"TCGA.EJ.7331.11A.01R.2118.07" 0.0742 0.0885 0.0936 0.1734 0.189 0.1195 0.1619 0.0999
"TCGA.EJ.7331.01A.11R.2118.07" 0.0815 0.0828 0.0845 0.0598 0.0601 0.0555 0.3486 0.2271
"TCGA.EJ.7781.11A.01R.2118.07" 0.0243 0.0253 0.0269 0.1685 0.1685 0.1253 0.2038 0.2573
"TCGA.EJ.7781.01A.11R.2118.07" 0.1513 0.1582 0.1604 0.0476 0.0485 0.0365 0.2525 0.1449
"TCGA.EJ.7782.11A.01R.2118.07" 0.1962 0.2338 0.2198 0.0353 0.0363 0.0258 0.1359 0.1169
"TCGA.EJ.7782.01A.11R.2118.07" 0.0342 0.0357 0.0367 0.0773 0.0815 0.071 0.4355 0.2281
"TCGA.EJ.7783.11A.01R.2118.07" 0.031 0.031 0.031 0.218 0.218 0.159 0.1003 0.2116
"TCGA.EJ.7783.01A.11R.2118.07" 0.1254 0.1183 0.1101 0.0589 0.0583 0.0534 0.3189 0.1566
"TCGA.EJ.7784.11A.01R.2118.07" 0.1368 0.1494 0.1352 0.1046 0.1107 0.0756 0.1754 0.1123
"TCGA.EJ.7784.01A.11R.2118.07" 0.0934 0.0885 0.0823 0.0701 0.0656 0.0666 0.2259 0.3075
"TCGA.EJ.7785.11A.01R.2118.07" 0.042 0.0476 0.0478 0.1499 0.1478 0.1656 0.1742 0.2252
"TCGA.EJ.7785.01A.11R.2118.07" 0.1076 0.1283 0.1322 0.06 0.0612 0.0463 0.3114 0.1529
"TCGA.EJ.7786.11A.01R.2118.07" 0.0961 0.0995 0.1002 0.1651 0.1813 0.1116 0.0989 0.1473
"TCGA.EJ.7786.01A.11R.2118.07" 0.0593 0.0564 0.0533 0.1787 0.1656 0.1663 0.1451 0.1753
"TCGA.EJ.7788.01A.11R.2118.07" 0.0467 0.0564 0.0557 0.0726 0.0648 0.0648 0.4251 0.214
"TCGA.EJ.7789.11A.01R.2118.07" 0.0488 0.054 0.049 0.0893 0.0943 0.0641 0.3247 0.2758
"TCGA.EJ.7789.01A.11R.2118.07" 0 0 0 0.0729 0.0684 0.0667 0.3267 0.4653
"TCGA.EJ.7791.01A.11R.2118.07" 0.0636 0.0641 0.069 0.0916 0.0889 0.0725 0.2787 0.2715
"TCGA.EJ.7792.11A.01R.2118.07" 0.1132 0.128 0.1272 0.1351 0.1445 0.0953 0.1549 0.1019
"TCGA.EJ.7792.01A.11R.2118.07" 0.1363 0.1402 0.1514 0.1355 0.1352 0.1032 0.0845 0.1136
"TCGA.EJ.7793.11A.01R.2263.07" 0.0774 0.0722 0.074 0.1385 0.137 0.1036 0.2432 0.154
"TCGA.EJ.7793.01A.31R.2263.07" 0.018 0.019 0.0175 0.0498 0.047 0.0473 0.4886 0.3128
"TCGA.EJ.7794.11A.01R.2118.07" 0.144 0.1473 0.1557 0.0987 0.082 0.0797 0.1591 0.1335
"TCGA.EJ.7794.01A.11R.2118.07" 0.1024 0.1045 0.1071 0.0678 0.0657 0.052 0.2618 0.2388
"TCGA.EJ.7797.11A.01R.2263.07" 0.0233 0.0241 0.0239 0.1804 0.178 0.1367 0.1734 0.2602
"TCGA.EJ.7797.01A.11R.2263.07" 0.0751 0.0831 0.0806 0.1095 0.1052 0.1158 0.2853 0.1454
"TCGA.EJ.8468.01A.21R.2403.07" 0.1229 0.1207 0.1212 0.1509 0.1608 0.1385 0.104 0.081
"TCGA.EJ.8469.01A.11R.2403.07" 0.0307 0.0354 0.0352 0.0644 0.0574 0.0637 0.4229 0.2903
"TCGA.EJ.8470.01A.11R.2403.07" 0.3126 0.2855 0.2679 0.0258 0.0274 0.025 0.0058 0.0499
"TCGA.EJ.8472.01A.11R.2403.07" 0.0031 0.0036 0.0036 0.0691 0.0706 0.0634 0.5526 0.234
"TCGA.EJ.8474.01A.11R.2403.07" 7e-04 7e-04 7e-04 0.1766 0.1716 0.1634 0.3369 0.1493
"TCGA.EJ.A46B.01A.31R.A250.07" 0.0022 0.0023 0.0023 0.148 0.1352 0.1633 0.3221 0.2246
"TCGA.EJ.A46D.01A.21R.A32Y.07" 0.1039 0.112 0.1101 0.077 0.0736 0.0756 0.2818 0.1659
"TCGA.EJ.A46E.01A.31R.A250.07" 0.0465 0.047 0.0511 0.1345 0.1218 0.117 0.1976 0.2845
"TCGA.EJ.A46F.01A.31R.A250.07" 0.0108 0.0131 0.0128 0.0897 0.0824 0.1001 0.2068 0.4843
"TCGA.EJ.A46G.01A.31R.A26U.07" 0.1025 0.1045 0.1085 0.0419 0.041 0.0388 0.206 0.3569
"TCGA.EJ.A46H.01A.31R.A26U.07" 0.1473 0.1538 0.1541 0.1107 0.1119 0.0855 0.0853 0.1514
"TCGA.EJ.A46I.01A.12R.A26U.07" 0.0914 0.0931 0.0913 0.0992 0.0972 0.1071 0.2818 0.1388
"TCGA.EJ.A65B.01A.12R.A30B.07" 0.0209 0.0211 0.0215 0.102 0.0978 0.1178 0.1533 0.4655
"TCGA.EJ.A65D.01A.11R.A30B.07" 0.0411 0.0511 0.05 0.082 0.0739 0.0924 0.1725 0.437
"TCGA.EJ.A65E.01A.11R.A29R.07" 0.0312 0.0375 0.0389 0.1321 0.1307 0.1323 0.2125 0.2849
"TCGA.EJ.A65F.01A.21R.A311.07" 0.064 0.064 0.0657 0.1655 0.1662 0.1571 0.1722 0.1452
"TCGA.EJ.A65G.01A.21R.A29R.07" 0 0 0 0.2501 0.2306 0.2317 0.2229 0.0647
"TCGA.EJ.A65J.01A.11R.A311.07" 0.013 0.0153 0.0156 0.1032 0.0966 0.0959 0.4959 0.1646
"TCGA.EJ.A65M.01A.11R.A29R.07" 0.0348 0.0406 0.0381 0.1526 0.1396 0.1768 0.1795 0.238
"TCGA.EJ.A6RA.01A.11R.A33R.07" 0.0206 0.0222 0.0226 0.1697 0.1534 0.189 0.164 0.2584
"TCGA.EJ.A6RC.01A.11R.A32O.07" 0.1845 0.1893 0.1926 0.1052 0.1042 0.08 0.0509 0.0933
"TCGA.EJ.A7NF.01A.11R.A33R.07" 9e-04 8e-04 8e-04 0.0765 0.0745 0.0841 0.5177 0.2447
"TCGA.EJ.A7NG.01A.31R.A33R.07" 0.0301 0.0305 0.031 0.2205 0.2183 0.1679 0.1469 0.1546
"TCGA.EJ.A7NH.01A.12R.A33R.07" 0.0329 0.0356 0.036 0.2025 0.1899 0.1801 0.1475 0.1755
"TCGA.EJ.A7NJ.01A.22R.A352.07" 0.06 0.0681 0.0653 0.1095 0.1038 0.1025 0.1515 0.3392
"TCGA.EJ.A7NK.01A.12R.A352.07" 0.0112 0.0112 0.0115 0.1442 0.1426 0.1435 0.2786 0.2571
"TCGA.EJ.A7NM.01A.21R.A33R.07" 0.2336 0.2189 0.2144 0.0431 0.0403 0.042 0.0679 0.1397
"TCGA.EJ.A7NN.01A.11R.A33R.07" 0.1919 0.2095 0.2046 0.0386 0.0366 0.0337 0.109 0.1761
"TCGA.EJ.A8FN.01A.11R.A352.07" 0.153 0.1739 0.1741 0.0717 0.0703 0.0665 0.1202 0.1704
"TCGA.EJ.A8FO.11A.11R.A36G.07" 0.0316 0.0322 0.032 0.1723 0.1718 0.1928 0.1752 0.1922
"TCGA.EJ.A8FO.01A.21R.A36G.07" 0.0278 0.0269 0.0244 0.0732 0.0684 0.068 0.3189 0.3924
"TCGA.EJ.A8FP.01A.21R.A36G.07" 0.072 0.0689 0.0678 0.11 0.1095 0.1081 0.2258 0.238
"TCGA.EJ.A8FS.01A.11R.A352.07" 0.002 0.002 0.002 0.1082 0.1008 0.0959 0.2587 0.4305
"TCGA.EJ.A8FU.01A.11R.A36G.07" 0.0943 0.0972 0.098 0.1453 0.1436 0.1108 0.1401 0.1708
"TCGA.EJ.AB20.01A.12R.A41O.07" 0.0506 0.0506 0.0548 0.1992 0.1987 0.147 0.0444 0.2545
"TCGA.EJ.AB27.01A.11R.A41O.07" 0.2111 0.1952 0.199 0.0518 0.0497 0.0513 0.0809 0.1609
"TCGA.FC.7708.01A.11R.2118.07" 0.149 0.1434 0.1419 0.0671 0.0657 0.0611 0.1536 0.2181
"TCGA.FC.7961.01A.11R.A29R.07" 0.0743 0.0839 0.0849 0.0636 0.0635 0.0553 0.3862 0.1884
"TCGA.FC.A4JI.01A.11R.A250.07" 0.0442 0.0513 0.0574 0 0 0 0.3553 0.4919
"TCGA.FC.A5OB.01A.11R.A29R.07" 0 0 0 0.0929 0.0866 0.0924 0.2834 0.4448
"TCGA.FC.A66V.01A.21R.A30B.07" 0 0 0 0.0801 0.0732 0.0909 0.2204 0.5355
"TCGA.FC.A6HD.01A.11R.A31N.07" 0.0017 0.002 0.002 0.2048 0.1881 0.2044 0.2257 0.1714
"TCGA.FC.A8O0.01A.41R.A37L.07" 0 0 0 0.1218 0.1096 0.1361 0.3106 0.3219
"TCGA.G9.6329.01A.13R.1965.07" 0.0325 0.0341 0.0337 0.1643 0.1585 0.2035 0.1645 0.2088
"TCGA.G9.6332.01A.11R.1789.07" 0.0539 0.0589 0.0547 0.0672 0.061 0.07 0.2232 0.4111
"TCGA.G9.6333.11A.01R.1965.07" 0.0792 0.0799 0.0819 0.1 0.099 0.1104 0.1161 0.3335
"TCGA.G9.6333.01A.12R.1965.07" 0.0197 0.0214 0.0224 0.1 0.1048 0.0919 0.1631 0.4766
"TCGA.G9.6336.01A.11R.1789.07" 0.0055 0.0056 0.0053 0.1598 0.1546 0.1514 0.1674 0.3506
"TCGA.G9.6338.01A.12R.1965.07" 0.0306 0.0429 0.0346 0.1188 0.0959 0.1156 0.2293 0.3324
"TCGA.G9.6339.01A.12R.A311.07" 0.0079 0.0087 0.0084 0.1331 0.1289 0.1452 0.3554 0.2125
"TCGA.G9.6342.11A.02R.1965.07" 0.0162 0.0165 0.0152 0.1434 0.1394 0.1624 0.1979 0.3091
"TCGA.G9.6342.01A.11R.1965.07" 0.0247 0.0276 0.0269 0.0799 0.0806 0.0806 0.3849 0.2947
"TCGA.G9.6343.01A.21R.1965.07" 0 0 0 0.1018 0.0922 0.1175 0.2235 0.465
"TCGA.G9.6347.01A.11R.A31N.07" 0.0575 0.0575 0.0579 0.1182 0.1176 0.0871 0.1132 0.391
"TCGA.G9.6348.11A.01R.1789.07" 0.0197 0.02 0.0199 0.2354 0.2351 0.1732 0.1106 0.1861
"TCGA.G9.6348.01A.11R.1789.07" 0.0118 0.0123 0.0129 0.1831 0.181 0.1693 0.162 0.2677
"TCGA.G9.6351.11A.01R.1965.07" 0.0206 0.0193 0.019 0.19 0.1881 0.2087 0.188 0.1663
"TCGA.G9.6351.01A.21R.1965.07" 0.0088 0.0089 0.009 0.2102 0.1999 0.2024 0.1718 0.1891
"TCGA.G9.6353.01A.11R.1965.07" 0 0 0 0.1828 0.1859 0.1825 0.2286 0.2203
"TCGA.G9.6354.01A.11R.A311.07" 0 0 0 0.2225 0.2135 0.2355 0.1638 0.1648
"TCGA.G9.6356.11A.01R.1789.07" 0.0877 0.1055 0.097 0.107 0.1017 0.1015 0.0753 0.3242
"TCGA.G9.6356.01A.11R.1789.07" 0.0859 0.0883 0.0921 0.1285 0.1221 0.1152 0.1661 0.2018
"TCGA.G9.6361.01A.21R.1965.07" 0 0 0 0.2212 0.203 0.1951 0.2227 0.158
"TCGA.G9.6362.11A.01R.1789.07" 0.007 0.0075 0.0074 0.2729 0.2787 0.2701 0.0905 0.0659
"TCGA.G9.6362.01A.11R.1789.07" 0.0646 0.075 0.0745 0.0715 0.0686 0.0774 0.1554 0.413
"TCGA.G9.6363.11A.01R.1789.07" 0.0286 0.0298 0.0308 0.1429 0.1396 0.1131 0.2612 0.2539
"TCGA.G9.6363.01A.21R.1789.07" 0.0641 0.0687 0.0684 0.0556 0.0544 0.0503 0.3671 0.2714
"TCGA.G9.6364.01A.21R.1789.07" 0.0147 0.0151 0.0159 0.0492 0.0507 0.0356 0.5897 0.2291
"TCGA.G9.6365.11A.01R.1789.07" 0.0442 0.0447 0.0458 0.1295 0.126 0.1193 0.118 0.3724
"TCGA.G9.6365.01A.11R.1789.07" 0.061 0.0645 0.0635 0.1626 0.1588 0.1287 0.1825 0.1784
"TCGA.G9.6366.01A.11R.2118.07" 0.0121 0.0117 0.0122 0.0712 0.0722 0.0689 0.3429 0.4087
"TCGA.G9.6367.01A.11R.1789.07" 0.0335 0.0313 0.0308 0.1541 0.1556 0.1192 0.2228 0.2527
"TCGA.G9.6369.01A.21R.1965.07" 0.0129 0.0152 0.0152 0.1828 0.179 0.1768 0.1751 0.243
"TCGA.G9.6370.01A.11R.1789.07" 0.0892 0.0906 0.092 0.1215 0.1179 0.1317 0.1452 0.2119
"TCGA.G9.6371.01A.11R.1789.07" 0.0046 0.0054 0.005 0.116 0.1144 0.1133 0.3658 0.2755
"TCGA.G9.6373.01A.11R.1789.07" 0.0878 0.0892 0.0968 0.1291 0.1183 0.138 0.1028 0.2381
"TCGA.G9.6377.01A.11R.1965.07" 0.1008 0.1111 0.1081 0.0855 0.0794 0.0776 0.1591 0.2783
"TCGA.G9.6378.01A.11R.1789.07" 0.0024 0.0024 0.0026 0.2331 0.2284 0.1824 0.1861 0.1627
"TCGA.G9.6379.01A.11R.A31N.07" 0.0626 0.0631 0.0638 0.0618 0.0609 0.0766 0.1377 0.4735
"TCGA.G9.6384.11A.01R.1858.07" 0.008 0.0082 0.0082 0.173 0.1717 0.1923 0.1548 0.2839
"TCGA.G9.6384.01A.11R.1789.07" 0.0879 0.1044 0.1065 0.0451 0.0458 0.0423 0.2251 0.3429
"TCGA.G9.6385.01A.11R.1789.07" 0 0 0 0.2005 0.1964 0.2122 0.1896 0.2013
"TCGA.G9.6494.01A.11R.1789.07" 0 0 0 0.2155 0.2087 0.1784 0.293 0.1044
"TCGA.G9.6496.11A.01R.1789.07" 0.0054 0.0054 0.0054 0.2103 0.21 0.1575 0.1287 0.2774
"TCGA.G9.6496.01A.11R.1789.07" 0.0046 0.0054 0.0057 0.0669 0.0655 0.0684 0.2846 0.4989
"TCGA.G9.6498.01A.12R.A311.07" 0.1187 0.1243 0.1146 0.1688 0.1531 0.1962 0.0395 0.0847
"TCGA.G9.6499.11A.02R.1965.07" 0.0021 0.0021 0.0022 0.1959 0.196 0.157 0.3182 0.1265
"TCGA.G9.6499.01A.12R.1965.07" 0.0083 0.0091 0.0093 0.2101 0.2048 0.1996 0.1908 0.1679
"TCGA.G9.7509.01A.11R.A41O.07" 0.0087 0.0089 0.0082 0.1796 0.1724 0.1801 0.2018 0.2402
"TCGA.G9.7510.01A.11R.2263.07" 0.0277 0.0289 0.0288 0.1861 0.1811 0.1715 0.1241 0.2518
"TCGA.G9.7519.01A.11R.2263.07" 0 0 0 0.2037 0.2015 0.1813 0.1262 0.2872
"TCGA.G9.7521.01A.11R.2263.07" 0.2227 0.2175 0.1943 0.0355 0.0341 0.0335 0.113 0.1494
"TCGA.G9.7522.01A.11R.2263.07" 0.0183 0.019 0.0197 0.1523 0.1544 0.1455 0.2123 0.2785
"TCGA.G9.7523.01A.11R.2263.07" 0.0921 0.0948 0.095 0.1712 0.1714 0.1274 0.1292 0.1188
"TCGA.G9.7525.01A.31R.2263.07" 0.0119 0.0121 0.0122 0.2223 0.2092 0.2482 0.092 0.1921
"TCGA.G9.A9S0.01A.11R.A41O.07" 0.1541 0.1619 0.1699 0.0479 0.0473 0.0469 0.1076 0.2644
"TCGA.G9.A9S4.01A.11R.A41O.07" 0.0639 0.0863 0.0786 0.0767 0.0741 0.0766 0.1905 0.3533
"TCGA.G9.A9S7.01A.11R.A41O.07" 0.129 0.1494 0.1581 0.0335 0.0318 0.0316 0.1757 0.2909
"TCGA.H9.7775.01A.11R.2118.07" 0 0 0 0.0486 0.0461 0.0445 0.6956 0.1653
"TCGA.H9.A6BX.01A.31R.A311.07" 0.0824 0.0839 0.0844 0.1554 0.1557 0.1138 0.1559 0.1684
"TCGA.H9.A6BY.01A.11R.A30B.07" 0 0 0 0.0731 0.0719 0.0913 0.2427 0.521
"TCGA.HC.7075.01A.11R.1965.07" 0.1766 0.1919 0.186 0.0377 0.0361 0.0363 0.1266 0.2089
"TCGA.HC.7077.01A.11R.1965.07" 0.0038 0.0047 0.005 0.0916 0.0857 0.0842 0.3044 0.4205
"TCGA.HC.7078.01A.11R.2118.07" 0.0954 0.1131 0.1144 0.0713 0.0671 0.0662 0.1737 0.2988
"TCGA.HC.7079.01A.11R.1965.07" 0.3285 0.3171 0.3364 0.0065 0.0065 0.005 0 0
"TCGA.HC.7080.01A.11R.1965.07" 0.0308 0.0368 0.0396 0.0883 0.0807 0.0807 0.2426 0.4004
"TCGA.HC.7081.01A.11R.1965.07" 0.0871 0.0919 0.0929 0.1516 0.1388 0.1203 0.1411 0.1762
"TCGA.HC.7209.01A.11R.2118.07" 0.0459 0.0544 0.0505 0.0853 0.0908 0.0788 0.2168 0.3774
"TCGA.HC.7210.01A.11R.2118.07" 0.0905 0.1004 0.0943 0.1325 0.1326 0.1346 0.1641 0.1511
"TCGA.HC.7211.11A.01R.2118.07" 0.0476 0.0376 0.0372 0.0759 0.0702 0.0691 0.1889 0.4735
"TCGA.HC.7211.01A.11R.2118.07" 0.0636 0.0594 0.059 0.1863 0.1922 0.1653 0.0938 0.1803
"TCGA.HC.7212.01A.11R.2118.07" 0.028 0.0318 0.0276 0.1013 0.0941 0.0956 0.2802 0.3414
"TCGA.HC.7213.01A.11R.2118.07" 0.0819 0.0925 0.0905 0.0585 0.0572 0.0527 0.2195 0.3472
"TCGA.HC.7230.01A.11R.2118.07" 0.0228 0.0292 0.0256 0.1186 0.1113 0.121 0.2107 0.3609
"TCGA.HC.7231.01A.11R.2118.07" 0.1427 0.1669 0.1566 0.0395 0.038 0.0418 0.1827 0.2318
"TCGA.HC.7232.01A.11R.2118.07" 0 0 0 0.0655 0.0638 0.0579 0.7153 0.0975
"TCGA.HC.7233.01A.11R.2118.07" 0.1625 0.1715 0.1736 0.056 0.0541 0.0439 0.1757 0.1628
"TCGA.HC.7736.01A.11R.2118.07" 0.1276 0.1435 0.1305 0.051 0.0524 0.0445 0.2189 0.2316
"TCGA.HC.7737.11A.02R.2118.07" 0.0595 0.0563 0.0512 0.076 0.0742 0.0592 0.2173 0.4062
"TCGA.HC.7737.01A.11R.2118.07" 0.2158 0.2036 0.2065 0.077 0.0778 0.0662 0.0542 0.099
"TCGA.HC.7738.11A.01R.2118.07" 0.0476 0.0529 0.048 0.1235 0.1234 0.1368 0.1414 0.3264
"TCGA.HC.7738.01A.11R.2118.07" 0.0221 0.0229 0.021 0.0677 0.0661 0.0634 0.4607 0.2761
"TCGA.HC.7740.11A.01R.2118.07" 0.0011 0.001 0.001 0.1584 0.1533 0.1692 0.2446 0.2715
"TCGA.HC.7740.01A.11R.2118.07" 0.0512 0.0529 0.0542 0.1526 0.1499 0.1584 0.1705 0.2103
"TCGA.HC.7742.11A.01R.2118.07" 0.0393 0.0376 0.0361 0.1164 0.1103 0.1117 0.2594 0.2891
"TCGA.HC.7742.01A.11R.2118.07" 0 0 0 0.1175 0.111 0.1097 0.3073 0.3545
"TCGA.HC.7744.01A.11R.2118.07" 0 0 0 0.0688 0.0648 0.068 0.3907 0.4077
"TCGA.HC.7745.11A.01R.2118.07" 0.0386 0.0389 0.0393 0.1628 0.1626 0.1205 0.1149 0.3223
"TCGA.HC.7745.01A.11R.2118.07" 0.1581 0.1602 0.1634 0.0891 0.0893 0.0805 0.0774 0.182
"TCGA.HC.7747.11A.01R.2118.07" 0 0 0 0.0766 0.0764 0.0749 0.2815 0.4906
"TCGA.HC.7747.01A.11R.2118.07" 0.1078 0.1254 0.1173 0.0715 0.0725 0.0695 0.1639 0.2723
"TCGA.HC.7748.01A.11R.2118.07" 0.1133 0.1075 0.0973 0.098 0.1018 0.0977 0.1993 0.1853
"TCGA.HC.7749.01A.11R.2118.07" 0.0573 0.0665 0.0732 0.0473 0.0433 0.0461 0.3033 0.3631
"TCGA.HC.7750.01A.11R.2118.07" 0 0 0 0.1994 0.1954 0.1532 0.3005 0.1515
"TCGA.HC.7752.11A.01R.2118.07" 0.1111 0.1146 0.1134 0.0692 0.0687 0.0517 0.2008 0.2705
"TCGA.HC.7752.01A.11R.2118.07" 0.0834 0.0862 0.0938 0.0561 0.0506 0.0638 0.1272 0.439
"TCGA.HC.7817.01B.11R.A29R.07" 0.1449 0.1488 0.1515 0.058 0.0573 0.0542 0.1843 0.201
"TCGA.HC.7818.01A.11R.2118.07" 0.0687 0.0731 0.075 0.0772 0.0735 0.0749 0.3745 0.1831
"TCGA.HC.7819.11A.01R.2118.07" 0.0205 0.0249 0.0254 0.077 0.0753 0.0764 0.322 0.3785
"TCGA.HC.7819.01A.11R.2118.07" 0.0414 0.0479 0.0492 0.0873 0.0833 0.0913 0.1583 0.4414
"TCGA.HC.7820.01A.11R.2118.07" 0.0141 0.0155 0.015 0.0901 0.085 0.087 0.4474 0.246
"TCGA.HC.7821.01A.12R.2118.07" 0.1198 0.1257 0.1243 0.0968 0.0937 0.0893 0.1321 0.2184
"TCGA.HC.8213.01A.11R.A29R.07" 0.039 0.0424 0.0386 0.0898 0.0816 0.0985 0.3349 0.2754
"TCGA.HC.8216.01A.11R.A29R.07" 0.1013 0.1073 0.1034 0.0573 0.0555 0.0532 0.1977 0.3243
"TCGA.HC.8256.01A.11R.2263.07" 0.0547 0.0641 0.0624 0.0678 0.0635 0.0633 0.3049 0.3193
"TCGA.HC.8257.01A.11R.2263.07" 0.0288 0.0342 0.0315 0.1223 0.1149 0.1343 0.3264 0.2077
"TCGA.HC.8258.11A.01R.2263.07" 0.0423 0.0485 0.0416 0.0763 0.0678 0.0732 0.2165 0.4337
"TCGA.HC.8258.01A.11R.2263.07" 0.0896 0.0865 0.0898 0.0535 0.0537 0.0506 0.2476 0.3287
"TCGA.HC.8259.11A.01R.2263.07" 0 0 0 0.2555 0.252 0.1926 0.1508 0.149
"TCGA.HC.8259.01A.11R.2263.07" 0 0 0 0.2151 0.21 0.2372 0.233 0.1047
"TCGA.HC.8260.11A.01R.2263.07" 0.009 0.0084 0.0079 0.1284 0.1236 0.1381 0.3521 0.2324
"TCGA.HC.8260.01A.11R.2263.07" 0.076 0.0711 0.0675 0.0643 0.0583 0.0572 0.2682 0.3375
"TCGA.HC.8261.01A.11R.2263.07" 0.0589 0.0575 0.0551 0.0866 0.0818 0.0833 0.2594 0.3175
"TCGA.HC.8262.11A.01R.2263.07" 0.1227 0.1431 0.1356 0.1127 0.1113 0.1016 0.0824 0.1906
"TCGA.HC.8262.01A.11R.2263.07" 0.0741 0.0742 0.0668 0.1079 0.1017 0.1149 0.2419 0.2185
"TCGA.HC.8264.01B.11R.2403.07" 0.0085 0.0088 0.0089 0.0661 0.0649 0.0516 0.4561 0.335
"TCGA.HC.8265.01A.11R.2263.07" 0.0534 0.0557 0.057 0.1392 0.1233 0.1652 0.183 0.2232
"TCGA.HC.8266.01A.11R.2263.07" 0.3137 0.2788 0.2586 0.029 0.0286 0.0227 0.0369 0.0317
"TCGA.HC.A48F.01A.11R.A250.07" 0 0 0 0.0898 0.0872 0.0911 0.2886 0.4433
"TCGA.HC.A4ZV.01A.11R.A26U.07" 0.2446 0.2737 0.2502 0.0337 0.0341 0.0329 0.0656 0.0652
"TCGA.HC.A631.01A.11R.A29R.07" 0.0297 0.0284 0.0275 0.1166 0.1074 0.1099 0.3018 0.2786
"TCGA.HC.A632.01A.11R.A29R.07" 0.241 0.2916 0.2883 0.008 0.0078 0.0086 0.0844 0.0703
"TCGA.HC.A6AL.01A.11R.A30B.07" 0.029 0.03 0.033 0.1633 0.1539 0.1501 0.2357 0.205
"TCGA.HC.A6AN.01A.11R.A30B.07" 0 0 0 0.0928 0.0908 0.105 0.2602 0.4512
"TCGA.HC.A6AO.01A.11R.A30B.07" 0.0552 0.0642 0.0661 0.0711 0.0651 0.0707 0.086 0.5215
"TCGA.HC.A6AP.01A.11R.A30B.07" 0.0263 0.0269 0.0269 0.0727 0.0704 0.0901 0.1442 0.5423
"TCGA.HC.A6AQ.01A.11R.A30B.07" 0 0 0 0.1008 0.0919 0.119 0.2399 0.4484
"TCGA.HC.A6AS.01A.11R.A30B.07" 0.0561 0.0565 0.057 0.0884 0.0793 0.0775 0.1026 0.4826
"TCGA.HC.A6HX.01A.11R.A31N.07" 0.0561 0.0563 0.0567 0.0748 0.0682 0.0863 0.1438 0.4577
"TCGA.HC.A6HY.01A.11R.A31N.07" 0 0 0 0.0756 0.0741 0.0838 0.3942 0.3722
"TCGA.HC.A76W.01A.11R.A33R.07" 0.0075 0.0079 0.0076 0.1868 0.1868 0.1812 0.1661 0.256
"TCGA.HC.A76X.01A.11R.A33R.07" 0 0 0 0.1118 0.1044 0.1025 0.2822 0.3991
"TCGA.HC.A8CY.01A.11R.A36G.07" 0.0932 0.1074 0.1153 0.0933 0.0924 0.0821 0.1582 0.258
"TCGA.HC.A8D0.01A.11R.A36G.07" 0.1243 0.1281 0.1348 0.0933 0.0831 0.1009 0.1613 0.1742
"TCGA.HC.A8D1.01A.11R.A36G.07" 0.0599 0.0605 0.0658 0.1322 0.1332 0.1158 0.2645 0.1681
"TCGA.HC.A9TE.01A.11R.A41O.07" 0.2459 0.2522 0.2331 0.0336 0.0337 0.0308 0.0694 0.1013
"TCGA.HC.A9TH.01A.11R.A41O.07" 0.0967 0.0992 0.0963 0.0522 0.048 0.049 0.2894 0.2692
"TCGA.HI.7168.01A.11R.2118.07" 0.041 0.0423 0.0419 0.1644 0.1605 0.1519 0.1532 0.2449
"TCGA.HI.7169.01A.11R.2118.07" 0.033 0.0335 0.0333 0.1008 0.1 0.0757 0.1332 0.4906
"TCGA.HI.7170.01A.11R.2118.07" 0.0696 0.0708 0.0768 0.1671 0.1654 0.1278 0.084 0.2383
"TCGA.HI.7171.01A.12R.2118.07" 0.0909 0.0881 0.0864 0.0922 0.089 0.0827 0.2986 0.1719
"TCGA.J4.8198.01A.11R.2263.07" 0.0028 0.0034 0.0033 0.1228 0.1207 0.1215 0.4685 0.1571
"TCGA.J4.8200.01A.11R.A29R.07" 0.0434 0.0449 0.0472 0.1288 0.1277 0.1268 0.2575 0.2236
"TCGA.J4.A67K.01A.21R.A30B.07" 0.0617 0.0634 0.0704 0.09 0.0867 0.0917 0.1406 0.3955
"TCGA.J4.A67L.01A.11R.A30B.07" 0.1173 0.1211 0.1186 0.0782 0.0714 0.0896 0.1496 0.2541
"TCGA.J4.A67M.01A.11R.A30B.07" 0.0486 0.0491 0.0498 0.1136 0.0997 0.1021 0.1159 0.4211
"TCGA.J4.A67N.01A.11R.A30B.07" 4e-04 5e-04 4e-04 0.1334 0.1192 0.1331 0.206 0.407
"TCGA.J4.A67O.01A.11R.A30B.07" 0.0053 0.0054 0.0053 0.0781 0.0761 0.1024 0.1441 0.5832
"TCGA.J4.A67Q.01A.21R.A30B.07" 0.0945 0.0945 0.0953 0.1493 0.1485 0.1113 0.0556 0.2511
"TCGA.J4.A67R.01A.21R.A30B.07" 0.1669 0.1693 0.1677 0.0334 0.033 0.0402 0.0778 0.3117
"TCGA.J4.A67S.01A.11R.A30B.07" 0.0072 0.0074 0.0081 0.2243 0.2146 0.2354 0.1077 0.1952
"TCGA.J4.A67T.01A.11R.A311.07" 0 0 0 0.1411 0.1343 0.1357 0.2354 0.3535
"TCGA.J4.A6G1.01A.11R.A311.07" 0.2907 0.3155 0.3147 0.0209 0.0185 0.0223 0 0.0174
"TCGA.J4.A6G3.01A.11R.A311.07" 0.204 0.2132 0.2204 0.0475 0.0492 0.0435 0.0969 0.1253
"TCGA.J4.A6M7.01A.11R.A31N.07" 0 0 0 0.1988 0.1894 0.1769 0.3444 0.0904
"TCGA.J4.A83I.01A.11R.A36G.07" 0.1203 0.1316 0.1304 0.0437 0.0424 0.0423 0.2041 0.2851
"TCGA.J4.A83J.11A.11R.A36G.07" 0.0979 0.0975 0.1053 0.099 0.0994 0.0878 0.1307 0.2823
"TCGA.J4.A83J.01A.11R.A36G.07" 0.0802 0.0818 0.0839 0.0721 0.0719 0.0756 0.1734 0.361
"TCGA.J4.A83K.01A.11R.A352.07" 0.0155 0.0171 0.0155 0.0676 0.0658 0.0786 0.3817 0.3582
"TCGA.J4.A83L.01A.11R.A352.07" 0.0064 0.0064 0.0065 0.2612 0.2519 0.2343 0.1213 0.1119
"TCGA.J4.A83M.01A.11R.A352.07" 0.026 0.0284 0.0278 0.132 0.1267 0.1353 0.2683 0.2555
"TCGA.J4.A83N.01A.11R.A352.07" 0.0338 0.0398 0.0384 0.0818 0.0807 0.0753 0.2054 0.4447
"TCGA.J4.AATV.01A.11R.A41O.07" 0.121 0.1224 0.1243 0.1094 0.1088 0.083 0.1372 0.1941
"TCGA.J4.AATZ.01A.11R.A41O.07" 0.0492 0.0549 0.0495 0.0651 0.0703 0.0618 0.2256 0.4236
"TCGA.J4.AAU2.01A.11R.A41O.07" 0.0119 0.012 0.0122 0.2247 0.2141 0.2294 0.1653 0.1304
"TCGA.J9.A52B.01A.11R.A26U.07" 0.0802 0.0784 0.0705 0.1367 0.1391 0.1328 0.1847 0.1776
"TCGA.J9.A52C.01A.11R.A26U.07" 0.0636 0.065 0.0645 0.198 0.1969 0.1501 0.0691 0.193
"TCGA.J9.A52D.01A.11R.A29R.07" 0 0 0 0.1304 0.1227 0.1249 0.3487 0.2733
"TCGA.J9.A52E.01A.11R.A26U.07" 0.1219 0.1247 0.1263 0.0529 0.0493 0.0517 0.232 0.2411
"TCGA.J9.A8CK.01A.11R.A352.07" 0.0056 0.0057 0.0058 0.2019 0.1993 0.1878 0.1602 0.2337
"TCGA.J9.A8CL.01A.11R.A352.07" 0.0943 0.0956 0.0977 0.0542 0.0511 0.0502 0.162 0.3949
"TCGA.J9.A8CM.01A.11R.A352.07" 0.0277 0.0286 0.0283 0.0673 0.0665 0.0632 0.4085 0.3099
"TCGA.J9.A8CN.01A.11R.A352.07" 0.0423 0.0436 0.0418 0.0778 0.0743 0.0729 0.1821 0.4652
"TCGA.J9.A8CP.01A.11R.A352.07" 0.0228 0.0235 0.0252 0.0666 0.0641 0.0681 0.2049 0.5247
"TCGA.KC.A4BL.01A.31R.A250.07" 0.1312 0.1332 0.1402 0.1017 0.0996 0.0865 0.0839 0.2237
"TCGA.KC.A4BN.01A.61R.A250.07" 0.0419 0.0458 0.0446 0.0644 0.0641 0.0616 0.2642 0.4135
"TCGA.KC.A4BR.01A.32R.A32Y.07" 0.0373 0.0376 0.0382 0.1668 0.1679 0.1265 0.1452 0.2806
"TCGA.KC.A4BV.01A.31R.A26U.07" 0.0932 0.0948 0.1007 0.0646 0.0602 0.0625 0.203 0.321
"TCGA.KC.A7F3.01A.21R.A33R.07" 0.086 0.087 0.0956 0.0572 0.0569 0.0585 0.1616 0.3973
"TCGA.KC.A7F5.01A.11R.A33R.07" 0 0 0 0.103 0.0944 0.1164 0.2 0.4861
"TCGA.KC.A7F6.01A.11R.A33R.07" 0.0741 0.0813 0.0795 0.1266 0.1195 0.1292 0.1999 0.1901
"TCGA.KC.A7FA.01A.21R.A33R.07" 0.0081 0.0085 0.0089 0.2165 0.2117 0.2103 0.1403 0.1957
"TCGA.KC.A7FD.01A.11R.A33R.07" 0 0 0 0.1144 0.1052 0.1097 0.2759 0.3948
"TCGA.KC.A7FE.01A.12R.A33R.07" 0.0811 0.0832 0.0837 0.1595 0.1582 0.1202 0.1423 0.1718
"TCGA.KK.A59V.01A.11R.A29R.07" 0.3715 0.3067 0.3128 0.0029 0.0027 0.0034 0 0
"TCGA.KK.A59X.01A.11R.A29R.07" 0.0419 0.045 0.0455 0.1173 0.1199 0.11 0.1227 0.3978
"TCGA.KK.A59Y.01A.11R.A26U.07" 0.0333 0.0421 0.0402 0.0758 0.0734 0.0783 0.2309 0.4259
"TCGA.KK.A59Z.01A.12R.A26U.07" 0.0104 0.0107 0.011 0.2006 0.1934 0.1869 0.1633 0.2238
"TCGA.KK.A5A1.01A.11R.A29R.07" 0.0507 0.0583 0.0612 0.0406 0.0388 0.0389 0.2617 0.4499
"TCGA.KK.A6DY.01A.12R.A311.07" 0.0635 0.0598 0.0614 0.1761 0.1712 0.163 0.1907 0.1142
"TCGA.KK.A6E0.01A.11R.A311.07" 0 0 0 0.0925 0.084 0.0854 0.3485 0.3896
"TCGA.KK.A6E1.01A.11R.A311.07" 0.0539 0.0642 0.069 0.0665 0.064 0.0753 0.2692 0.338
"TCGA.KK.A6E2.01A.11R.A311.07" 0.0761 0.089 0.097 0.0747 0.0689 0.0769 0.1991 0.3182
"TCGA.KK.A6E3.01A.21R.A30B.07" 0.052 0.0534 0.0529 0.1392 0.1375 0.1068 0.0998 0.3583
"TCGA.KK.A6E4.01A.11R.A30B.07" 0 0 0 0.2305 0.2181 0.2666 0.1237 0.1611
"TCGA.KK.A6E5.01A.11R.A311.07" 0.0744 0.0783 0.0753 0.0445 0.041 0.0455 0.3912 0.2498
"TCGA.KK.A6E6.01A.11R.A311.07" 0.0042 0.0043 0.0046 0.2221 0.2147 0.2068 0.1907 0.1526
"TCGA.KK.A6E7.01A.11R.A31N.07" 0.1023 0.1187 0.1246 0.0667 0.068 0.0617 0.1075 0.3505
"TCGA.KK.A6E8.01A.11R.A31N.07" 0 0 0 0.0931 0.088 0.0893 0.1851 0.5446
"TCGA.KK.A7AP.01A.12R.A33R.07" 0 0 0 0.0948 0.0881 0.0963 0.3688 0.3521
"TCGA.KK.A7AQ.01A.11R.A33R.07" 0.0098 0.0105 0.0112 0.2241 0.2085 0.217 0.0901 0.2289
"TCGA.KK.A7AU.01A.11R.A32O.07" 0.0398 0.0414 0.0444 0.0901 0.0815 0.0782 0.2071 0.4174
"TCGA.KK.A7AV.01A.11R.A32O.07" 0.2375 0.2719 0.2665 0.0251 0.0247 0.0246 0.0779 0.0718
"TCGA.KK.A7AW.01A.11R.A32O.07" 0.0556 0.058 0.0609 0.0683 0.0656 0.0762 0.0539 0.5614
"TCGA.KK.A7AY.01A.11R.A33R.07" 0.0068 0.0084 0.008 0.072 0.0651 0.0731 0.3401 0.4265
"TCGA.KK.A7AZ.01A.12R.A32O.07" 0.0247 0.0307 0.03 0.0968 0.0875 0.1015 0.181 0.448
"TCGA.KK.A7B0.01A.11R.A32O.07" 0.1385 0.1412 0.1436 0.0433 0.0354 0.0523 0.0747 0.3709
"TCGA.KK.A7B1.01A.11R.A32O.07" 0.0082 0.0084 0.008 0.1293 0.1228 0.118 0.2482 0.3572
"TCGA.KK.A7B2.01A.12R.A32O.07" 0.092 0.0951 0.0955 0.1204 0.1108 0.1288 0.0723 0.2851
"TCGA.KK.A7B3.01A.11R.A33R.07" 0.1378 0.1408 0.1497 0.0722 0.0701 0.0629 0.0856 0.2808
"TCGA.KK.A7B4.01A.11R.A32O.07" 0.1092 0.1308 0.124 0.0482 0.0444 0.0449 0.2143 0.2841
"TCGA.KK.A8I4.01A.11R.A36G.07" 0.2064 0.2119 0.2163 0.0563 0.0552 0.044 0.0617 0.1481
"TCGA.KK.A8I5.01A.11R.A36G.07" 0.0373 0.0417 0.0407 0.1469 0.1479 0.1398 0.2803 0.1654
"TCGA.KK.A8I6.01A.11R.A36G.07" 0.057 0.0537 0.0502 0.0858 0.0794 0.0795 0.4433 0.1511
"TCGA.KK.A8I7.01A.21R.A36G.07" 0.0829 0.0927 0.0872 0.0716 0.0701 0.0561 0.2577 0.2818
"TCGA.KK.A8I8.01A.11R.A36G.07" 0.1079 0.1271 0.1257 0.0421 0.0411 0.0473 0.395 0.1138
"TCGA.KK.A8I9.01A.11R.A36G.07" 0.0895 0.0952 0.0987 0.0672 0.0632 0.0628 0.1336 0.3898
"TCGA.KK.A8IA.01A.11R.A36G.07" 0.0366 0.0446 0.0463 0.0676 0.0665 0.0738 0.313 0.3515
"TCGA.KK.A8IB.01A.11R.A36G.07" 0.1324 0.1372 0.1387 0.0911 0.0895 0.0887 0.1094 0.213
"TCGA.KK.A8IC.01A.11R.A36G.07" 0.149 0.1405 0.1427 0.0397 0.0414 0.0373 0.2251 0.2243
"TCGA.KK.A8ID.01A.11R.A36G.07" 0.0471 0.0548 0.0619 0.0669 0.0728 0.0604 0.1917 0.4444
"TCGA.KK.A8IF.01A.11R.A36G.07" 0.0289 0.0338 0.0361 0.065 0.0566 0.0622 0.3358 0.3817
"TCGA.KK.A8IG.01A.11R.A36G.07" 0.0069 0.0072 0.0073 0.1892 0.185 0.1774 0.1613 0.2657
"TCGA.KK.A8IH.01A.11R.A36G.07" 0.1544 0.1598 0.1649 0.0403 0.0392 0.0393 0.1288 0.2734
"TCGA.KK.A8II.01A.11R.A36G.07" 0.0505 0.0553 0.0524 0.0787 0.0737 0.077 0.201 0.4115
"TCGA.KK.A8IJ.01A.11R.A352.07" 0 0 0 0.0786 0.0777 0.0726 0.2369 0.5342
"TCGA.KK.A8IK.01A.11R.A36G.07" 0.0067 0.0077 0.0084 0.0857 0.0848 0.0835 0.2755 0.4477
"TCGA.KK.A8IL.01A.11R.A36G.07" 0.1226 0.1312 0.1287 0.117 0.1138 0.1015 0.0444 0.2407
"TCGA.KK.A8IM.01A.11R.A36G.07" 0.0654 0.0705 0.0686 0.0853 0.0874 0.0811 0.2584 0.2833
"TCGA.M7.A71Y.01A.22R.A32O.07" 0 0 0 0.0994 0.0959 0.0983 0.2963 0.4101
"TCGA.M7.A71Z.01A.12R.A32O.07" 0.0158 0.02 0.0209 0.0984 0.1046 0.0941 0.16 0.4863
"TCGA.M7.A720.01A.12R.A32O.07" 0.039 0.0395 0.0405 0.1476 0.1441 0.16 0.1819 0.2473
"TCGA.M7.A721.01A.12R.A32O.07" 0.0319 0.0323 0.0329 0.0883 0.0871 0.0814 0.3911 0.2549
"TCGA.M7.A722.01A.12R.A36G.07" 0.0294 0.0346 0.0341 0.1063 0.0903 0.1253 0.1616 0.4184
"TCGA.M7.A723.01A.12R.A32O.07" 0.0771 0.079 0.0784 0.1298 0.1282 0.144 0.0997 0.2638
"TCGA.M7.A724.01A.12R.A32O.07" 0.0259 0.0316 0.0316 0.1158 0.1062 0.1236 0.1294 0.4359
"TCGA.M7.A725.01A.12R.A32O.07" 0.0074 0.0092 0.0085 0.0825 0.0735 0.0762 0.3138 0.4289
"TCGA.MG.AAMC.01A.11R.A41O.07" 0.0189 0.0233 0.0221 0.0969 0.0946 0.1085 0.3039 0.3318
"TCGA.QU.A6IL.01A.11R.A31N.07" 0.0587 0.0604 0.0659 0.0783 0.0707 0.0892 0.0914 0.4854
"TCGA.QU.A6IM.01A.11R.A31N.07" 0.0558 0.0562 0.0569 0.0604 0.0552 0.0718 0.0945 0.5492
"TCGA.QU.A6IN.01A.11R.A31N.07" 0 0 0 0.0964 0.0824 0.1159 0.2826 0.4227
"TCGA.QU.A6IO.01A.11R.A31N.07" 0.0772 0.0784 0.0798 0.0722 0.0606 0.0853 0.0704 0.476
"TCGA.QU.A6IP.01A.11R.A31N.07" 0.009 0.0087 0.0085 0.1806 0.1736 0.1754 0.1825 0.2617
"TCGA.SU.A7E7.01A.22R.A33R.07" 0.1439 0.1469 0.1506 0.0616 0.0595 0.0544 0.1745 0.2086
"TCGA.TK.A8OK.01A.22R.A36G.07" 0.0158 0.016 0.016 0.204 0.2025 0.19 0.1927 0.1628
"TCGA.TP.A8TT.01A.12R.A41O.07" 0.176 0.2073 0.218 0.035 0.0288 0.0387 0.1444 0.1518
"TCGA.TP.A8TV.01A.11R.A41O.07" 0.0222 0.021 0.0219 0.0842 0.0771 0.0775 0.3177 0.3784
"TCGA.V1.A8MF.01A.11R.A36G.07" 0.1377 0.1301 0.1236 0.1173 0.1138 0.1116 0.0753 0.1908
"TCGA.V1.A8MG.01A.11R.A36G.07" 0.0796 0.0867 0.081 0.101 0.096 0.0992 0.1382 0.3184
"TCGA.V1.A8MJ.01A.11R.A36G.07" 0.1938 0.2084 0.204 0.0386 0.0368 0.0358 0.1099 0.1728
"TCGA.V1.A8MK.01A.11R.A36G.07" 0.0023 0.0024 0.0024 0.2047 0.1994 0.222 0.195 0.1718
"TCGA.V1.A8ML.01A.11R.A37L.07" 0 0 0 0.2642 0.2462 0.2323 0.0946 0.1627
"TCGA.V1.A8MM.01A.11R.A37L.07" 0.0825 0.0847 0.0927 0.0533 0.05 0.0492 0.1026 0.4849
"TCGA.V1.A8MU.01A.11R.A37L.07" 0.0923 0.096 0.0962 0.1695 0.1564 0.1295 0.0773 0.1828
"TCGA.V1.A8WL.01A.11R.A37L.07" 0.142 0.1464 0.1552 0.1291 0.1245 0.1114 0.0626 0.1287
"TCGA.V1.A8WN.01A.11R.A37L.07" 0 0 0 0.1081 0.1079 0.1158 0.4394 0.2288
"TCGA.V1.A8WS.01A.11R.A37L.07" 0.039 0.0449 0.0474 0.0791 0.0745 0.0828 0.3054 0.3268
"TCGA.V1.A8WV.01A.11R.A37L.07" 0.1613 0.1793 0.1759 0.0499 0.0484 0.0492 0.1416 0.1944
"TCGA.V1.A8WW.01A.11R.A37L.07" 0.035 0.0392 0.0359 0.0698 0.0699 0.0645 0.3835 0.3021
"TCGA.V1.A8X3.01A.11R.A37L.07" 0.017 0.0191 0.0195 0.2001 0.1881 0.177 0.2271 0.152
"TCGA.V1.A9O5.06A.11R.A41O.07" 0.2482 0.2729 0.2604 0.0201 0.02 0.0199 0.1033 0.0552
"TCGA.V1.A9O5.01A.11R.A41O.07" 0.2423 0.262 0.27 0.0119 0.0118 0.0112 0.0711 0.1197
"TCGA.V1.A9O7.01A.21R.A41O.07" 0.0808 0.0826 0.0835 0.1433 0.1418 0.1325 0.1401 0.1954
"TCGA.V1.A9O9.01A.11R.A41O.07" 0.264 0.3091 0.2893 0.0166 0.0164 0.0165 0.0453 0.0429
"TCGA.V1.A9OA.01A.11R.A41O.07" 0.0618 0.0633 0.0644 0.1608 0.1576 0.1251 0.1888 0.1783
"TCGA.V1.A9OF.01A.11R.A41O.07" 0.0708 0.0835 0.0829 0.0803 0.0747 0.0773 0.1848 0.3457
"TCGA.V1.A9OH.01A.11R.A41O.07" 0.0376 0.0403 0.041 0.099 0.0935 0.1008 0.2943 0.2934
"TCGA.V1.A9OL.01A.11R.A41O.07" 0.122 0.1251 0.1274 0.0512 0.0486 0.0496 0.215 0.2612
"TCGA.V1.A9OQ.01A.11R.A41O.07" 0.003 0.0031 0.0029 0.2106 0.1938 0.2463 0.1608 0.1795
"TCGA.V1.A9OT.01A.11R.A41O.07" 0.0459 0.0476 0.0484 0.0561 0.0511 0.0647 0.1689 0.5174
"TCGA.V1.A9OX.01A.11R.A41O.07" 0.1311 0.1351 0.13 0.0734 0.0716 0.0718 0.1154 0.2716
"TCGA.V1.A9OY.01A.11R.A41O.07" 0.1008 0.1193 0.1214 0.1267 0.1207 0.1246 0.1254 0.1611
"TCGA.V1.A9Z7.01A.11R.A41O.07" 0.1133 0.1178 0.1208 0.0798 0.0743 0.0776 0.1117 0.3048
"TCGA.V1.A9Z8.01A.11R.A41O.07" 0.1204 0.1241 0.1247 0.0747 0.074 0.0568 0.1592 0.2661
"TCGA.V1.A9Z9.01A.21R.A41O.07" 0.0247 0.0254 0.0265 0.1073 0.1025 0.0976 0.2374 0.3786
"TCGA.V1.A9ZG.01A.11R.A41O.07" 0.0557 0.0631 0.0637 0.0677 0.0659 0.0623 0.3683 0.2532
"TCGA.V1.A9ZI.01A.11R.A41O.07" 0.0537 0.0561 0.0579 0.0822 0.0799 0.0781 0.1431 0.4489
"TCGA.V1.A9ZK.01A.11R.A41O.07" 0.0051 0.0048 0.005 0.0423 0.0404 0.0411 0.5039 0.3574
"TCGA.V1.A9ZR.01A.11R.A41O.07" 0.1583 0.16 0.1619 0.0533 0.0525 0.0407 0.1519 0.2214
"TCGA.VN.A88I.01A.11R.A352.07" 0.0786 0.0795 0.0795 0.1079 0.1081 0.0798 0.1657 0.301
"TCGA.VN.A88K.01A.11R.A352.07" 0.041 0.0438 0.0447 0.1124 0.1042 0.1049 0.2153 0.3337
"TCGA.VN.A88L.01A.11R.A352.07" 0.0086 0.009 0.0091 0.2141 0.2114 0.1963 0.1591 0.1926
"TCGA.VN.A88M.01A.11R.A352.07" 0.0659 0.0765 0.0809 0.1176 0.1108 0.1069 0.1073 0.3341
"TCGA.VN.A88N.01A.11R.A36G.07" 0.0106 0.0126 0.0132 0.0618 0.0578 0.0589 0.604 0.1811
"TCGA.VN.A88O.01A.11R.A352.07" 0.0499 0.0615 0.0594 0.1261 0.1201 0.1241 0.1863 0.2726
"TCGA.VN.A88P.01A.11R.A352.07" 0.064 0.0665 0.0694 0.1501 0.1415 0.1356 0.1546 0.2183
"TCGA.VN.A88Q.01A.11R.A352.07" 0 0 0 0.1478 0.1415 0.1545 0.2759 0.2802
"TCGA.VN.A88R.01A.11R.A36G.07" 0.0542 0.063 0.0612 0.061 0.0563 0.0594 0.1526 0.4923
"TCGA.VN.A943.01A.11R.A41O.07" 0.018 0.021 0.0201 0.0979 0.0968 0.0923 0.2389 0.415
"TCGA.VP.A872.01A.11R.A352.07" 0.1642 0.1664 0.1796 0.0279 0.0262 0.0258 0.1455 0.2645
"TCGA.VP.A875.01A.31R.A352.07" 0 0 0 0.0885 0.0831 0.0808 0.3588 0.3887
"TCGA.VP.A876.01A.11R.A352.07" 0.0548 0.0638 0.067 0.1231 0.1153 0.1225 0.1733 0.2802
"TCGA.VP.A878.01A.31R.A352.07" 0.0805 0.0853 0.0842 0.0541 0.052 0.049 0.2437 0.3512
"TCGA.VP.A879.01A.11R.A352.07" 0.0067 0.0068 0.0069 0.1491 0.1457 0.1782 0.2551 0.2515
"TCGA.VP.A87B.01A.11R.A352.07" 0.0236 0.0238 0.0242 0.0749 0.0668 0.0874 0.2484 0.4509
"TCGA.VP.A87C.01A.11R.A352.07" 0.2982 0.3159 0.2899 0.0283 0.0235 0.0228 0.0183 0.0031
"TCGA.VP.A87D.01A.11R.A352.07" 0.0502 0.0571 0.0589 0.0829 0.0775 0.0883 0.2219 0.3632
"TCGA.VP.A87E.01A.31R.A352.07" 0.1907 0.1877 0.2045 0.0705 0.0699 0.0685 0.0808 0.1275
"TCGA.VP.A87H.01A.11R.A352.07" 0.1316 0.1268 0.1236 0.036 0.035 0.0356 0.1881 0.3232
"TCGA.VP.A87J.01A.11R.A352.07" 0.0542 0.0606 0.059 0.0749 0.075 0.0661 0.2264 0.3839
"TCGA.VP.A87K.01A.11R.A352.07" 0.0483 0.0564 0.06 0.072 0.0702 0.0803 0.2458 0.367
"TCGA.VP.AA1N.01A.31R.A41O.07" 0.0138 0.0145 0.0147 0.1263 0.1252 0.1149 0.1912 0.3994
"TCGA.WW.A8ZI.01A.11R.A37L.07" 0.0663 0.0674 0.0652 0.1433 0.1386 0.1325 0.1012 0.2855
