"CD4_na" "CD4_cenm" "CD4_efm" "CD8_na" "CD8_cenm" "CD8_efm" "Treg" "T gamma delta"
"TCGA.AF.2687.01A.02R.1736.07" 0.0574 0.0856 0.0997 0.161 0.2048 0.1033 0.1248 0.1634
"TCGA.AF.2689.11A.01R.A32Z.07" 0.1367 0.2088 0.2111 0.1053 0.0955 0.0852 0.0535 0.1039
"TCGA.AF.2690.01A.02R.1736.07" 0.1005 0.1738 0.1593 0.1086 0.1406 0.0732 0.0914 0.1527
"TCGA.AF.2691.11A.01R.A32Z.07" 0.1127 0.1784 0.17 0.1403 0.1586 0.1174 0.0476 0.0751
"TCGA.AF.2692.11A.01R.A32Z.07" 0.0785 0.1203 0.1208 0.1826 0.1593 0.1603 0.1054 0.0729
"TCGA.AF.2693.01A.02R.1736.07" 0.0848 0.1413 0.1572 0.1434 0.1416 0.1271 0.0729 0.1316
"TCGA.AF.3400.11A.01R.A32Z.07" 0.1154 0.1454 0.1507 0.1118 0.115 0.0984 0.0837 0.1797
"TCGA.AF.3911.01A.01R.1736.07" 0.0323 0.0416 0.0417 0.2571 0.2217 0.199 0.097 0.1096
"TCGA.AF.4110.01A.02R.1736.07" 0.0757 0.1232 0.1194 0.1397 0.1137 0.1584 0.0853 0.1847
"TCGA.AF.5654.11A.11R.1660.07" 0.1296 0.1786 0.1739 0.092 0.0964 0.0822 0.1057 0.1415
"TCGA.AF.5654.01A.01R.1660.07" 0.1002 0.1301 0.1234 0.1442 0.1175 0.1705 0.0795 0.1345
"TCGA.AF.6136.01A.11R.1830.07" 0.1016 0.1194 0.1457 0.1393 0.1256 0.1402 0.0937 0.1346
"TCGA.AF.6655.01A.11R.1830.07" 0.0257 0.0386 0.0452 0.2775 0.236 0.2005 0.1006 0.0759
"TCGA.AF.6672.01A.11R.1830.07" 0.1792 0.1572 0.1516 0.1112 0.1136 0.1001 0.0844 0.1027
"TCGA.AF.A56K.01A.32R.A39D.07" 0.0609 0.094 0.0898 0.2031 0.1658 0.1583 0.1353 0.0929
"TCGA.AF.A56L.01A.31R.A39D.07" 0.044 0.0539 0.0565 0.2175 0.1758 0.2562 0.1057 0.0904
"TCGA.AF.A56N.01A.12R.A39D.07" 0.0419 0.0607 0.0698 0.2166 0.2032 0.1602 0.1192 0.1283
"TCGA.AG.3591.01A.01R.1736.07" 0.1601 0.1812 0.2045 0.0924 0.0765 0.1048 0.0509 0.1296
"TCGA.AG.3592.01A.02R.1736.07" 0.1099 0.1466 0.1371 0.1267 0.0978 0.1121 0.0941 0.1758
"TCGA.AG.3725.11A.01R.1736.07" 0.194 0.2697 0.2609 0.0248 0.0203 0.0264 0.0736 0.1304
"TCGA.AG.3725.01A.11R.1736.07" 0.1276 0.1664 0.1515 0.1103 0.091 0.0911 0.0645 0.1976
"TCGA.AG.3731.11A.01R.1736.07" 0.1518 0.203 0.1962 0.0883 0.0961 0.0737 0.0644 0.1265
"TCGA.AG.3731.01A.11R.1736.07" 0.1059 0.1787 0.1593 0.122 0.1022 0.0884 0.1013 0.1423
"TCGA.AG.3732.11A.01R.1660.07" 0.0847 0.1344 0.1366 0.1281 0.122 0.1446 0.1473 0.1023
"TCGA.AG.3732.01A.11R.1660.07" 0.2182 0.2681 0.2496 0.0463 0.0459 0.0442 0.0716 0.0561
"TCGA.AG.3742.11A.01R.1660.07" 0.1019 0.1894 0.1603 0.1199 0.1207 0.1355 0.0616 0.1107
"TCGA.AG.3742.01A.11R.1660.07" 0.0314 0.0391 0.0396 0.271 0.2396 0.2095 0.0981 0.0718
"TCGA.AG.3902.01A.01R.A32Z.07" 0.165 0.2085 0.2002 0.0802 0.0663 0.0687 0.0125 0.1986
"TCGA.AG.4021.01A.01R.1736.07" 0.0363 0.0531 0.0587 0.1619 0.1816 0.1385 0.1371 0.2329
"TCGA.AG.4022.01A.01R.1736.07" 0.081 0.1321 0.1239 0.1529 0.1275 0.1283 0.1036 0.1508
"TCGA.AH.6544.01A.11R.1830.07" 0.0999 0.1336 0.13 0.142 0.1405 0.1273 0.0433 0.1834
"TCGA.AH.6547.01A.11R.1830.07" 0.1447 0.2369 0.2282 0.0857 0.0667 0.0674 0.0584 0.1119
"TCGA.AH.6549.01A.11R.1830.07" 0.0357 0.0573 0.0518 0.2635 0.1967 0.1999 0.1267 0.0683
"TCGA.AH.6643.11A.01R.1830.07" 0.2164 0.3014 0.2544 0.0416 0.0479 0.037 0.042 0.0593
"TCGA.AH.6643.01A.11R.1830.07" 0.0171 0.0255 0.0253 0.2549 0.2277 0.2248 0.1058 0.1188
"TCGA.AH.6644.01A.21R.1830.07" 0.021 0.034 0.0326 0.3015 0.254 0.2224 0.0802 0.0543
"TCGA.AH.6897.01A.11R.1928.07" 0.0818 0.108 0.1049 0.1483 0.1456 0.1339 0.0771 0.2004
"TCGA.AH.6903.01A.11R.1928.07" 0.105 0.1292 0.1252 0.1384 0.1073 0.1486 0.0867 0.1594
"TCGA.BM.6198.01A.11R.1736.07" 0.1145 0.142 0.1481 0.1187 0.0983 0.0919 0.1037 0.1826
"TCGA.CI.6619.01B.11R.1830.07" 0.1441 0.1894 0.1873 0.0817 0.0649 0.0718 0.0899 0.1708
"TCGA.CI.6620.01A.11R.1830.07" 0.1082 0.1579 0.1627 0.0896 0.0735 0.0718 0.1399 0.1964
"TCGA.CI.6621.01A.11R.1830.07" 0.0925 0.1256 0.1184 0.1427 0.1081 0.1106 0.1273 0.1747
"TCGA.CI.6622.01A.11R.1830.07" 0.0648 0.0877 0.0911 0.1846 0.1543 0.1707 0.0816 0.1651
"TCGA.CI.6623.01B.11R.1830.07" 0.0816 0.1 0.0983 0.1606 0.132 0.1351 0.168 0.1244
"TCGA.CI.6624.01C.11R.1830.07" 0.0788 0.1369 0.1223 0.1519 0.1159 0.1161 0.1439 0.1342
"TCGA.CL.4957.01A.01R.1736.07" 0.0687 0.0913 0.0849 0.2083 0.1559 0.1767 0.1337 0.0806
"TCGA.CL.5917.01A.11R.1660.07" 0.0364 0.0479 0.0464 0.2586 0.2131 0.2172 0.1276 0.0527
"TCGA.CL.5918.01A.11R.1660.07" 0.14 0.1901 0.1714 0.1075 0.0833 0.0892 0.0311 0.1873
"TCGA.DC.4745.01A.01R.A32Z.07" 0.0932 0.1341 0.1189 0.142 0.1094 0.1497 0.09 0.1627
"TCGA.DC.4749.01A.01R.1736.07" 0.0587 0.0671 0.0756 0.214 0.1618 0.1797 0.093 0.1502
"TCGA.DC.5337.01A.01R.1660.07" 0.1072 0.1293 0.1264 0.1334 0.1108 0.1293 0.0422 0.2214
"TCGA.DC.5869.01A.01R.1660.07" 0.0789 0.0981 0.0968 0.1586 0.1584 0.1341 0.0965 0.1785
"TCGA.DC.6154.01A.31R.1928.07" 0.0355 0.0469 0.0429 0.2599 0.2223 0.2239 0.0743 0.0943
"TCGA.DC.6155.01A.11R.1660.07" 0.1631 0.2314 0.231 0.0673 0.0632 0.0739 0.0403 0.1298
"TCGA.DC.6156.01A.11R.1660.07" 0.0821 0.1413 0.121 0.1588 0.1366 0.1146 0.1281 0.1175
"TCGA.DC.6157.01A.11R.1660.07" 0.0861 0.117 0.108 0.1486 0.1314 0.1368 0.1123 0.1598
"TCGA.DC.6158.01A.11R.1660.07" 0.0654 0.0996 0.1108 0.1287 0.1084 0.094 0.2059 0.1871
"TCGA.DC.6160.01A.11R.1660.07" 0.1615 0.2078 0.1963 0.0749 0.0578 0.0752 0.0755 0.151
"TCGA.DC.6681.01A.11R.A32Z.07" 0.0229 0.0344 0.0334 0.275 0.2344 0.216 0.077 0.1069
"TCGA.DC.6682.01A.11R.1830.07" 0.0886 0.1231 0.1155 0.1771 0.1605 0.154 0.0771 0.1041
"TCGA.DC.6683.01A.11R.1830.07" 0.0358 0.0539 0.0517 0.221 0.2181 0.1809 0.1584 0.0802
"TCGA.DT.5265.01A.21R.1830.07" 0.046 0.0625 0.0722 0.1892 0.2467 0.1181 0.0986 0.1666
"TCGA.DY.A0XA.01A.11R.A155.07" 0.0389 0.0584 0.0544 0.2479 0.1992 0.2296 0.0844 0.0871
"TCGA.DY.A1DC.01A.31R.A155.07" 0.046 0.0612 0.0622 0.2505 0.2123 0.2155 0.0439 0.1085
"TCGA.DY.A1DD.01A.21R.A155.07" 0.087 0.1208 0.1148 0.1624 0.1425 0.1563 0.0515 0.1648
"TCGA.DY.A1DE.01A.11R.A155.07" 0.0974 0.1219 0.1308 0.1592 0.1312 0.1293 0.0751 0.1552
"TCGA.DY.A1DF.01A.11R.A155.07" 0.1016 0.1177 0.1136 0.1673 0.1458 0.1406 0.0805 0.133
"TCGA.DY.A1DG.01A.11R.A32Y.07" 0.1878 0.2061 0.2332 0.0515 0.0434 0.0427 0.101 0.1344
"TCGA.DY.A1H8.01A.21R.A155.07" 0.1992 0.17 0.1649 0.1217 0.1003 0.1421 0.0197 0.082
"TCGA.EF.5830.01A.01R.1660.07" 0.0593 0.086 0.0824 0.2288 0.1787 0.194 0.0664 0.1043
"TCGA.EF.5831.01A.01R.1660.07" 0.0029 0.0042 0.0039 0.3024 0.2511 0.225 0.1379 0.0726
"TCGA.EI.6506.01A.11R.1736.07" 0.1133 0.1826 0.2057 0.087 0.0836 0.0719 0.0906 0.1653
"TCGA.EI.6507.01A.11R.1736.07" 0.0558 0.085 0.0945 0.1474 0.1238 0.1622 0.1107 0.2207
"TCGA.EI.6508.01A.11R.1736.07" 0.023 0.0342 0.0332 0.2867 0.2207 0.2303 0.0912 0.0807
"TCGA.EI.6509.01A.11R.1736.07" 0.0174 0.0288 0.0261 0.2395 0.2514 0.2214 0.1216 0.0938
"TCGA.EI.6510.01A.11R.1736.07" 0.1904 0.1417 0.1461 0.1207 0.0925 0.0971 0.0279 0.1835
"TCGA.EI.6511.01A.11R.1736.07" 0.0805 0.1187 0.1362 0.1474 0.1238 0.1088 0.0645 0.2202
"TCGA.EI.6512.01A.11R.1736.07" 0.0475 0.0641 0.0688 0.188 0.206 0.1702 0.1562 0.0992
"TCGA.EI.6513.01A.21R.1736.07" 0.0746 0.1046 0.0958 0.1538 0.1276 0.1173 0.2024 0.1238
"TCGA.EI.6514.01A.11R.1736.07" 0.0285 0.0469 0.0398 0.2624 0.2141 0.2126 0.108 0.0878
"TCGA.EI.6881.01A.11R.A32Z.07" 0.1207 0.1603 0.1598 0.109 0.0972 0.092 0.1062 0.1549
"TCGA.EI.6882.01A.11R.1928.07" 0.1095 0.1497 0.1424 0.1128 0.0873 0.1003 0.1547 0.1433
"TCGA.EI.6883.01A.31R.1928.07" 0.0755 0.0912 0.1028 0.1902 0.1562 0.2105 0.0508 0.1229
"TCGA.EI.6884.01A.11R.1928.07" 0.0935 0.1397 0.1438 0.1224 0.1236 0.1124 0.1162 0.1483
"TCGA.EI.6885.01A.11R.1928.07" 0.045 0.0653 0.0762 0.2184 0.1759 0.2418 0.0808 0.0967
"TCGA.EI.6917.01A.11R.1928.07" 0.0775 0.1215 0.1177 0.1039 0.0879 0.0762 0.1351 0.2802
"TCGA.EI.7002.01A.11R.1928.07" 0.0353 0.054 0.0504 0.2515 0.2147 0.1996 0.1033 0.0912
"TCGA.EI.7004.01A.11R.1928.07" 0.0339 0.0545 0.0542 0.2022 0.2785 0.1251 0.1612 0.0904
"TCGA.F5.6464.01A.11R.1736.07" 0.035 0.0577 0.0529 0.2092 0.2772 0.1342 0.1281 0.1056
"TCGA.F5.6465.01A.11R.1736.07" 0.0844 0.1412 0.1256 0.1396 0.119 0.1044 0.1378 0.1481
"TCGA.F5.6571.01A.12R.1830.07" 0.0906 0.1303 0.1338 0.0966 0.0963 0.0871 0.1824 0.1829
"TCGA.F5.6702.01A.11R.1830.07" 0.0299 0.0448 0.0522 0.2115 0.2942 0.1284 0.1605 0.0785
"TCGA.F5.6810.01A.11R.1830.07" 0.0159 0.0244 0.0249 0.2705 0.3182 0.1831 0.0914 0.0716
"TCGA.F5.6811.01A.11R.1830.07" 0.026 0.039 0.0457 0.2511 0.2126 0.1808 0.1472 0.0976
"TCGA.F5.6812.01A.11R.1830.07" 0.0848 0.1281 0.132 0.1598 0.1457 0.125 0.0997 0.1248
"TCGA.F5.6813.01A.11R.1830.07" 0.0763 0.1093 0.1129 0.2014 0.1683 0.1743 0.0665 0.091
"TCGA.F5.6814.01A.31R.1928.07" 0.0869 0.1135 0.1076 0.117 0.1223 0.1086 0.0856 0.2584
"TCGA.F5.6861.01A.11R.1928.07" 0.018 0.0241 0.0259 0.2161 0.2152 0.1918 0.1708 0.1382
"TCGA.F5.6863.01A.11R.1928.07" 0.0403 0.0573 0.0659 0.2205 0.1976 0.1924 0.0937 0.1322
"TCGA.F5.6864.01A.11R.1928.07" 0.0418 0.0657 0.0668 0.2058 0.2708 0.1398 0.1107 0.0987
"TCGA.G5.6233.01A.11R.1736.07" 0.099 0.1266 0.1169 0.1571 0.122 0.1441 0.0595 0.1747
"TCGA.G5.6235.01A.11R.1736.07" 0.1416 0.1905 0.1743 0.124 0.134 0.1066 0.0488 0.0802
"TCGA.G5.6572.01A.11R.1830.07" 0.0181 0.0275 0.03 0.2908 0.2461 0.2173 0.0831 0.087
"TCGA.G5.6572.02A.12R.1830.07" 0.1245 0.1895 0.1837 0.1897 0.0454 0.048 0.0814 0.1378
"TCGA.G5.6641.01A.11R.A32Z.07" 0.1692 0.21 0.1726 0.1005 0.0774 0.078 0.0615 0.1308
