"CD4_na" "CD4_cenm" "CD4_efm" "CD8_na" "CD8_cenm" "CD8_efm" "Treg" "T gamma delta"
"TCGA.3N.A9WB.06A.11R.A38C.07" 0 0 0 0.1089 0.1152 0.0949 0.1797 0.5013
"TCGA.3N.A9WC.06A.11R.A38C.07" 0.2095 0.2122 0.2108 0.0269 0.0271 0.0266 0.1209 0.1661
"TCGA.3N.A9WD.06A.11R.A38C.07" 0.2014 0.2057 0.2023 0.0288 0.0211 0.0211 0.1612 0.1583
"TCGA.BF.A1PU.01A.11R.A18S.07" 0 0 0 0.154 0.1533 0.1652 0.3745 0.1531
"TCGA.BF.A1PV.01A.11R.A18U.07" 0 0 0 0.1101 0.1191 0.1243 0.1546 0.4918
"TCGA.BF.A1PX.01A.12R.A18T.07" 0.0547 0.055 0.0558 0.1823 0.1855 0.1801 0.1011 0.1855
"TCGA.BF.A1PZ.01A.11R.A18S.07" 0.0132 0.0155 0.0128 0.0481 0.0505 0.0422 0.1805 0.6371
"TCGA.BF.A1Q0.01A.21R.A18S.07" 0.0106 0.0126 0.0112 0.1327 0.1249 0.1169 0.3598 0.2311
"TCGA.BF.A3DJ.01A.11R.A20F.07" 0.0283 0.0283 0.0283 0.0613 0.0616 0.061 0.4504 0.2809
"TCGA.BF.A3DL.01A.11R.A20F.07" 0 0 0 0.1141 0.1168 0.1132 0.32 0.3359
"TCGA.BF.A3DM.01A.11R.A20F.07" 0 0 0 0.1411 0.1506 0.1299 0.1869 0.3916
"TCGA.BF.A3DN.01A.11R.A20F.07" 0.0423 0.043 0.0437 0.0893 0.0898 0.0809 0.311 0.2999
"TCGA.BF.A5EO.01A.12R.A27Q.07" 0.0167 0.0171 0.0173 0.047 0.0471 0.0434 0.1366 0.6749
"TCGA.BF.A5EP.01A.12R.A27Q.07" 0 0 0 0.0906 0.0901 0.0813 0.3907 0.3472
"TCGA.BF.A5EQ.01A.21R.A27Q.07" 0.0231 0.0238 0.0243 0.2138 0.2067 0.2038 0.1714 0.1331
"TCGA.BF.A5ER.01A.12R.A27Q.07" 0.0382 0.0456 0.0491 0.0633 0.0638 0.0766 0.2528 0.4106
"TCGA.BF.A5ES.01A.11R.A27Q.07" 0 0 0 0.216 0.1934 0.1869 0.2059 0.1978
"TCGA.BF.A9VF.01A.11R.A37K.07" 0 0 0 0.0647 0.0588 0.0583 0.1888 0.6293
"TCGA.BF.AAOU.01A.12R.A39D.07" 0.0946 0.0956 0.095 0.0376 0.0362 0.0358 0.1451 0.4601
"TCGA.BF.AAOX.01A.11R.A39D.07" 0 0 0 0.1894 0.1829 0.2157 0.2981 0.114
"TCGA.BF.AAP0.06A.11R.A39D.07" 0.2206 0.2227 0.2257 0.026 0.0248 0.0251 0.0984 0.1566
"TCGA.BF.AAP1.01A.11R.A39D.07" 0 0 0 0.0539 0.0499 0.0577 0.2264 0.6121
"TCGA.BF.AAP2.01A.11R.A40A.07" 0.0435 0.0489 0.0436 0.1271 0.1125 0.1158 0.2165 0.2921
"TCGA.BF.AAP4.01A.11R.A40A.07" 0.0272 0.0313 0.0291 0.1941 0.2037 0.1903 0.0968 0.2277
"TCGA.BF.AAP6.01A.11R.A40A.07" 0 0 0 0.1609 0.1675 0.1489 0.3826 0.1401
"TCGA.BF.AAP7.01A.11R.A40A.07" 0.0367 0.0451 0.0442 0.187 0.1796 0.1793 0.0691 0.2588
"TCGA.BF.AAP8.01A.11R.A40A.07" 0.047 0.0583 0.06 0.0524 0.0467 0.0537 0.2866 0.3952
"TCGA.D3.A1Q1.06A.21R.A18T.07" 0 0 0 0.1851 0.1733 0.2122 0.1496 0.2797
"TCGA.D3.A1Q3.06A.11R.A18T.07" 0.2273 0.2084 0.2067 0.035 0.0388 0.0326 0.1398 0.1114
"TCGA.D3.A1Q4.06A.11R.A18T.07" 0 0 0 0.1258 0.1246 0.126 0.4223 0.2013
"TCGA.D3.A1Q5.06A.11R.A18T.07" 0 0 0 0.2055 0.1946 0.2229 0.1681 0.2089
"TCGA.D3.A1Q6.06A.11R.A18T.07" 0.0962 0.0962 0.0962 0.0301 0.0299 0.0305 0.4045 0.2164
"TCGA.D3.A1Q7.06A.11R.A18T.07" 0.1819 0.1851 0.1844 0.0683 0.0697 0.0674 0.1272 0.116
"TCGA.D3.A1Q8.06A.11R.A18T.07" 0.0328 0.0331 0.0329 0.2176 0.2217 0.2156 0.196 0.0503
"TCGA.D3.A1Q9.06A.11R.A18T.07" 0.0894 0.0967 0.0993 0.0928 0.0929 0.0802 0.2169 0.2317
"TCGA.D3.A1QA.07A.11R.A37K.07" 0.0854 0.1014 0.0989 0.0691 0.0714 0.0639 0.2268 0.283
"TCGA.D3.A1QA.06A.11R.A18T.07" 0.0278 0.0288 0.0297 0.0779 0.0759 0.0716 0.2031 0.4852
"TCGA.D3.A1QB.06A.11R.A18T.07" 0.1452 0.1627 0.1442 0.0368 0.0362 0.0364 0.1015 0.3371
"TCGA.D3.A2J6.06A.11R.A18T.07" 0 0 0 0.1756 0.177 0.1672 0.1964 0.2838
"TCGA.D3.A2J7.06A.11R.A18T.07" 0.0669 0.0721 0.0722 0.0875 0.0834 0.0833 0.3323 0.2024
"TCGA.D3.A2J8.06A.11R.A18T.07" 0.2245 0.2301 0.2275 0.0198 0.0203 0.0185 0.0162 0.2431
"TCGA.D3.A2J9.06A.11R.A18T.07" 0.2931 0.2863 0.2852 0 0 0 0.0431 0.0923
"TCGA.D3.A2JA.06A.11R.A18T.07" 0.0946 0.0946 0.0946 0.1335 0.1397 0.1235 0.1618 0.1576
"TCGA.D3.A2JB.06A.11R.A18T.07" 0.3487 0.3066 0.2844 0 0 0 0 0.0603
"TCGA.D3.A2JC.06A.11R.A18T.07" 0.1105 0.1128 0.111 0.0729 0.0735 0.0718 0.1375 0.31
"TCGA.D3.A2JD.06A.11R.A18T.07" 0.2142 0.2366 0.2196 0.0189 0.0177 0.0218 0.1029 0.1683
"TCGA.D3.A2JE.06A.11R.A37K.07" 0.0258 0.0338 0.0299 0.0601 0.0512 0.0622 0.2254 0.5116
"TCGA.D3.A2JF.06A.11R.A18S.07" 0.1776 0.1776 0.1776 0.0241 0.0239 0.0236 0.1065 0.289
"TCGA.D3.A2JG.06A.11R.A18T.07" 0.0604 0.0646 0.0662 0.0641 0.0647 0.073 0.2612 0.3459
"TCGA.D3.A2JH.06A.11R.A18T.07" 0.2429 0.2386 0.2333 0.0287 0.0297 0.0284 0.0798 0.1185
"TCGA.D3.A2JK.06A.11R.A18S.07" 0.0039 0.0043 0.0039 0.0839 0.0875 0.0727 0.3284 0.4154
"TCGA.D3.A2JL.06A.11R.A18S.07" 0.1111 0.1241 0.1132 0.0728 0.0685 0.0847 0.1097 0.3158
"TCGA.D3.A2JN.06A.11R.A18S.07" 0.0341 0.0343 0.0383 0.0965 0.0908 0.0913 0.2442 0.3704
"TCGA.D3.A2JO.06A.11R.A18S.07" 0.1522 0.1577 0.1558 0.0667 0.068 0.0729 0.064 0.2627
"TCGA.D3.A2JP.06A.11R.A18S.07" 0.061 0.0626 0.062 0.1078 0.0938 0.0938 0.1647 0.3543
"TCGA.D3.A3BZ.06A.12R.A18S.07" 0.1046 0.1051 0.1057 0.1398 0.1396 0.1382 0.1125 0.1545
"TCGA.D3.A3C1.06A.12R.A18S.07" 0.0789 0.0801 0.0801 0.0544 0.0529 0.0529 0.247 0.3537
"TCGA.D3.A3C3.06A.12R.A18S.07" 0.1372 0.1399 0.1384 0.0366 0.0398 0.0344 0.0703 0.4033
"TCGA.D3.A3C6.06A.12R.A18U.07" 0.0556 0.0592 0.0577 0.0541 0.0528 0.0472 0.4016 0.2718
"TCGA.D3.A3C7.06A.11R.A18U.07" 0.1026 0.1026 0.1026 0.056 0.0552 0.055 0.1214 0.4045
"TCGA.D3.A3C8.06A.12R.A18S.07" 0.2255 0.2363 0.2363 0.0433 0.043 0.043 0.0118 0.1607
"TCGA.D3.A3CB.06A.11R.A18S.07" 0.2103 0.26 0.273 0.0383 0.0363 0.0363 0.0475 0.0984
"TCGA.D3.A3CC.06A.11R.A18S.07" 0 0 0 0.1318 0.1252 0.1319 0.4376 0.1736
"TCGA.D3.A3CE.06A.11R.A18S.07" 0.2318 0.2368 0.2328 0.0294 0.0296 0.027 0.0633 0.1494
"TCGA.D3.A3CF.06A.11R.A18T.07" 0.2106 0.2391 0.2198 0.0441 0.0412 0.0387 0.1005 0.1059
"TCGA.D3.A3ML.06A.11R.A21D.07" 0 0 0 0.0448 0.045 0.0458 0.2719 0.5925
"TCGA.D3.A3MO.06A.11R.A21D.07" 0 0 0 0.1485 0.1503 0.138 0.1356 0.4277
"TCGA.D3.A3MR.06A.11R.A21D.07" 0.2248 0.2285 0.2334 0.0222 0.0212 0.0212 0.068 0.1806
"TCGA.D3.A3MU.06A.11R.A21D.07" 0.0208 0.0212 0.0212 0.1383 0.1405 0.1333 0.2827 0.2421
"TCGA.D3.A3MV.06A.11R.A21D.07" 0.019 0.0188 0.0188 0.1083 0.1129 0.1002 0.3177 0.3042
"TCGA.D3.A51E.06A.11R.A266.07" 0.0898 0.0911 0.0929 0.0697 0.0642 0.0627 0.1385 0.3911
"TCGA.D3.A51F.06A.11R.A266.07" 0.154 0.1532 0.1532 0.0555 0.055 0.0549 0.1163 0.2579
"TCGA.D3.A51G.06A.11R.A266.07" 0.0673 0.068 0.0676 0.0753 0.076 0.0734 0.1721 0.4001
"TCGA.D3.A51H.06A.12R.A266.07" 0.3742 0.315 0.3108 0 0 0 0 0
"TCGA.D3.A51J.06A.11R.A266.07" 0.1925 0.1963 0.1947 0.0253 0.0268 0.0249 0.1097 0.2297
"TCGA.D3.A51K.06A.11R.A266.07" 0.0661 0.075 0.0683 0.0333 0.0325 0.0358 0.1347 0.5544
"TCGA.D3.A51N.06A.11R.A266.07" 0.0688 0.0698 0.0695 0.0442 0.0423 0.0424 0.1703 0.4927
"TCGA.D3.A51R.06A.11R.A266.07" 0.031 0.0415 0.0394 0.1801 0.1875 0.1664 0.105 0.2491
"TCGA.D3.A51T.06A.11R.A266.07" 0.0939 0.1004 0.0968 0.0374 0.0365 0.0374 0.2408 0.3569
"TCGA.D3.A5GL.06A.11R.A27Q.07" 0.0416 0.0469 0.0424 0.0559 0.0499 0.0491 0.3137 0.4005
"TCGA.D3.A5GN.06A.11R.A27Q.07" 0.0417 0.042 0.0417 0.0952 0.0931 0.0955 0.3817 0.2092
"TCGA.D3.A5GO.06A.12R.A27Q.07" 4e-04 4e-04 4e-04 0.0864 0.0876 0.0861 0.4591 0.2797
"TCGA.D3.A5GR.06A.11R.A27Q.07" 0.2456 0.2456 0.2456 0.0086 0.0078 0.0076 0.1486 0.0907
"TCGA.D3.A5GS.06A.11R.A27Q.07" 0.022 0.0229 0.0223 0.1457 0.1499 0.1339 0.2738 0.2295
"TCGA.D3.A5GT.01A.12R.A311.07" 0.0317 0.0366 0.0354 0.0539 0.0577 0.0516 0.2097 0.5234
"TCGA.D3.A5GU.06A.11R.A27Q.07" 0.0767 0.0821 0.0773 0.0528 0.0503 0.0506 0.239 0.3713
"TCGA.D3.A8GB.06A.11R.A37K.07" 0.1666 0.1843 0.1716 0.0471 0.0461 0.0462 0.123 0.215
"TCGA.D3.A8GC.06A.11R.A37K.07" 0.1041 0.1065 0.1049 0.0969 0.0928 0.0982 0.1428 0.2537
"TCGA.D3.A8GD.06A.11R.A37K.07" 0.3056 0.302 0.2973 0 0 0 0.0403 0.0549
"TCGA.D3.A8GE.06A.11R.A37K.07" 0.0886 0.0892 0.0901 0.0329 0.0341 0.031 0.4107 0.2234
"TCGA.D3.A8GI.06A.11R.A37K.07" 0.0742 0.0757 0.0829 0.058 0.0593 0.0554 0.1551 0.4395
"TCGA.D3.A8GJ.06A.11R.A37K.07" 0.1529 0.1804 0.1953 0.0219 0.0212 0.0213 0.0377 0.3692
"TCGA.D3.A8GK.06A.11R.A37K.07" 0 0 0 0.0811 0.0801 0.0928 0.1627 0.5833
"TCGA.D3.A8GL.06A.11R.A37K.07" 0 0 0 0.0537 0.0526 0.0576 0.3018 0.5343
"TCGA.D3.A8GM.06A.11R.A37K.07" 0.0616 0.0738 0.0709 0.0602 0.0635 0.0581 0.2925 0.3194
"TCGA.D3.A8GN.06A.11R.A37K.07" 0.0538 0.0547 0.0538 0.1296 0.1257 0.126 0.1592 0.2971
"TCGA.D3.A8GO.06A.11R.A37K.07" 0.2411 0.2381 0.2622 0 0 0 0.0941 0.1645
"TCGA.D3.A8GP.06A.11R.A37K.07" 0.0183 0.0199 0.0208 0.0453 0.045 0.0507 0.1874 0.6126
"TCGA.D3.A8GQ.06A.11R.A37K.07" 0 0 0 0.3004 0.2893 0.3364 0.0221 0.0518
"TCGA.D3.A8GR.06A.11R.A37K.07" 0.0011 0.0011 0.0012 0.0457 0.0421 0.0388 0.4686 0.4014
"TCGA.D3.A8GS.06A.12R.A37K.07" 0.1419 0.1404 0.1399 0.0411 0.0417 0.0404 0.0932 0.3613
"TCGA.D3.A8GV.06A.11R.A37K.07" 0.0243 0.0239 0.0238 0.0657 0.0676 0.0586 0.4329 0.3031
"TCGA.D9.A148.06A.11R.A18S.07" 0.133 0.1337 0.1353 0.0305 0.03 0.0316 0.1499 0.3559
"TCGA.D9.A149.06A.11R.A18S.07" 0.0817 0.0837 0.0875 0.1194 0.1299 0.1113 0.1513 0.2352
"TCGA.D9.A1JW.06A.11R.A18S.07" 0.148 0.1799 0.1738 0.0535 0.0555 0.0487 0.0727 0.2679
"TCGA.D9.A1JX.06A.11R.A18S.07" 0.0991 0.1012 0.0988 0.069 0.0739 0.0633 0.1276 0.3671
"TCGA.D9.A1X3.06A.11R.A18S.07" 0 0 0 0.2641 0.2444 0.2171 0.2308 0.0436
"TCGA.D9.A3Z1.06A.11R.A239.07" 0.13 0.1357 0.1369 0.0719 0.0749 0.0709 0.1685 0.2112
"TCGA.D9.A3Z3.06A.11R.A239.07" 0.1764 0.213 0.1947 0.0178 0.016 0.0162 0.1263 0.2395
"TCGA.D9.A3Z4.01A.11R.A239.07" 0.0292 0.0295 0.0292 0.0806 0.0779 0.0772 0.3206 0.3558
"TCGA.D9.A4Z2.01A.11R.A24X.07" 0.0479 0.0489 0.0482 0.0531 0.0511 0.0509 0.3594 0.3405
"TCGA.D9.A4Z3.01A.11R.A266.07" 0 0 0 0.1825 0.1741 0.1833 0.2111 0.2491
"TCGA.D9.A4Z5.01A.11R.A266.07" 0.0694 0.0709 0.0698 0.0664 0.064 0.0637 0.2467 0.3491
"TCGA.D9.A4Z6.06A.12R.A266.07" 0 0 0 0.1238 0.1308 0.1131 0.2686 0.3637
"TCGA.D9.A6E9.06A.12R.A311.07" 0.1299 0.1547 0.1409 0.0544 0.0535 0.0535 0.032 0.3811
"TCGA.D9.A6EA.06A.11R.A311.07" 0.0425 0.045 0.0444 0.0557 0.0586 0.0545 0.4148 0.2845
"TCGA.D9.A6EC.06A.11R.A311.07" 0.0613 0.0636 0.0641 0.0593 0.0591 0.0571 0.2424 0.3931
"TCGA.D9.A6EG.06A.12R.A32P.07" 0.0691 0.0752 0.0705 0.047 0.0446 0.0533 0.3228 0.3175
"TCGA.DA.A1HV.06A.21R.A18S.07" 0.1254 0.1327 0.1342 0.0803 0.0772 0.0769 0.1005 0.2728
"TCGA.DA.A1HW.06A.11R.A18U.07" 0.1944 0.2014 0.1995 0.0296 0.0287 0.0282 0.0869 0.2312
"TCGA.DA.A1HY.06A.11R.A18T.07" 0.0656 0.0656 0.0656 0.0535 0.0539 0.0524 0.3442 0.2993
"TCGA.DA.A1I0.06A.11R.A20F.07" 0.1357 0.1496 0.1399 0.1078 0.1007 0.0937 0.097 0.1756
"TCGA.DA.A1I1.06A.12R.A18U.07" 0.1289 0.1307 0.1342 0.0984 0.0956 0.0954 0.0834 0.2334
"TCGA.DA.A1I2.06A.21R.A18U.07" 0.0093 0.0096 0.0094 0.101 0.1024 0.0929 0.4396 0.2359
"TCGA.DA.A1I4.06A.11R.A18U.07" 0 0 0 0.1705 0.1669 0.1758 0.2009 0.286
"TCGA.DA.A1I5.06A.11R.A18T.07" 0.106 0.1077 0.1061 0.1404 0.1421 0.1382 0.1514 0.1081
"TCGA.DA.A1I7.06A.22R.A18S.07" 0.065 0.0654 0.0651 0.043 0.0443 0.0408 0.2934 0.3828
"TCGA.DA.A1I8.06A.11R.A18T.07" 0.0916 0.0927 0.0932 0.0235 0.024 0.0212 0.1723 0.4815
"TCGA.DA.A1IA.06A.11R.A18S.07" 0.0676 0.0792 0.0755 0.0475 0.0438 0.0517 0.1085 0.5262
"TCGA.DA.A1IB.06A.11R.A18S.07" 0.3665 0.3154 0.3085 0 0 0 0.0096 0
"TCGA.DA.A1IC.06A.11R.A18S.07" 0.0297 0.0294 0.029 0.0158 0.0153 0.0136 0.5564 0.3108
"TCGA.DA.A3F2.06A.11R.A20F.07" 0.0808 0.0808 0.0808 0.0861 0.0865 0.0861 0.1555 0.3435
"TCGA.DA.A3F3.06A.11R.A20F.07" 0.0646 0.0679 0.0659 0.0596 0.0584 0.0654 0.2997 0.3186
"TCGA.DA.A3F5.06A.11R.A20F.07" 0 0 0 0.0614 0.0482 0.0483 0.4599 0.3821
"TCGA.DA.A3F8.06A.11R.A20F.07" 0.2247 0.2273 0.23 0.0253 0.0247 0.0246 0.0808 0.1626
"TCGA.DA.A95V.06A.11R.A37K.07" 0.1004 0.1039 0.1007 0.0585 0.0598 0.0699 0.114 0.3928
"TCGA.DA.A95W.06A.11R.A37K.07" 0.0603 0.0742 0.0716 0.0479 0.0421 0.0426 0.1712 0.4901
"TCGA.DA.A95X.06A.11R.A37K.07" 0.0872 0.0879 0.0875 0.111 0.1084 0.1056 0.2159 0.1967
"TCGA.DA.A95Y.06A.11R.A37K.07" 0 0 0 0.0415 0.0444 0.038 0.1601 0.716
"TCGA.DA.A95Z.06A.11R.A37K.07" 0 0 0 0.0365 0.032 0.0322 0.6142 0.285
"TCGA.DA.A960.01A.11R.A37K.07" 0 0 0 0.0926 0.0782 0.0779 0.1964 0.5549
"TCGA.EB.A1NK.01A.11R.A18T.07" 0.0028 0.0029 0.0029 0.0962 0.0947 0.0858 0.3968 0.3179
"TCGA.EB.A24C.01A.11R.A18T.07" 0 0 0 0.2029 0.2087 0.1808 0.2733 0.1343
"TCGA.EB.A24D.01A.11R.A18T.07" 0.0492 0.059 0.0533 0.0462 0.0474 0.0464 0.3608 0.3377
"TCGA.EB.A299.01A.21R.A18U.07" 0.0707 0.0715 0.0709 0.0399 0.0397 0.0353 0.3143 0.3579
"TCGA.EB.A3HV.01A.11R.A21D.07" 0.0103 0.0105 0.0105 0.0798 0.0776 0.0838 0.3269 0.4006
"TCGA.EB.A3XB.01A.11R.A239.07" 0.0953 0.0958 0.0966 0.0335 0.0352 0.033 0.4291 0.1814
"TCGA.EB.A3XC.01A.11R.A239.07" 0 0 0 0.0885 0.0881 0.0835 0.4819 0.2581
"TCGA.EB.A3XD.01A.22R.A239.07" 0.0838 0.0862 0.097 0.1003 0.1001 0.1098 0.1674 0.2555
"TCGA.EB.A3XE.01A.12R.A239.07" 0.0167 0.017 0.0172 0.1317 0.1331 0.142 0.2325 0.3099
"TCGA.EB.A3XF.01A.31R.A239.07" 0.0121 0.0122 0.0121 0.1107 0.1086 0.1089 0.173 0.4624
"TCGA.EB.A3Y6.01A.21R.A239.07" 0.0374 0.0394 0.0388 0.036 0.0362 0.0354 0.4476 0.3291
"TCGA.EB.A3Y7.01A.11R.A239.07" 0 0 0 0.0555 0.0486 0.0498 0.172 0.6741
"TCGA.EB.A41A.01A.11R.A24X.07" 0.0718 0.074 0.0723 0.0476 0.0496 0.0462 0.1862 0.4523
"TCGA.EB.A41B.01A.11R.A24X.07" 0 0 0 0.2068 0.1981 0.2246 0.1367 0.2338
"TCGA.EB.A42Y.01A.12R.A24X.07" 0.033 0.0346 0.0333 0.0529 0.0523 0.0544 0.3311 0.4084
"TCGA.EB.A42Z.01A.12R.A24X.07" 0.0123 0.0123 0.0123 0.084 0.0832 0.0827 0.3506 0.3626
"TCGA.EB.A430.01A.11R.A24X.07" 0.0258 0.0285 0.0259 0.0524 0.0573 0.0484 0.3439 0.4177
"TCGA.EB.A431.01A.11R.A266.07" 0.084 0.0944 0.091 0.0596 0.0657 0.0557 0.1812 0.3683
"TCGA.EB.A44N.01A.11R.A266.07" 0.0664 0.0682 0.0667 0.0321 0.0339 0.0336 0.3648 0.3342
"TCGA.EB.A44O.01A.11R.A266.07" 0 0 0 0.1355 0.1308 0.122 0.4001 0.2116
"TCGA.EB.A44P.01A.11R.A266.07" 0.043 0.0438 0.0429 0.0371 0.0372 0.0334 0.2925 0.47
"TCGA.EB.A44Q.06A.11R.A266.07" 0.1544 0.177 0.1593 0.0491 0.0473 0.0478 0.1202 0.2447
"TCGA.EB.A44R.06A.41R.A266.07" 0.0956 0.0995 0.1051 0.1734 0.157 0.1572 0.1218 0.0903
"TCGA.EB.A4IQ.01A.12R.A266.07" 0.0164 0.0175 0.0182 0.0485 0.0527 0.056 0.2125 0.5782
"TCGA.EB.A4IS.01A.21R.A266.07" 0.1516 0.1532 0.1515 0.061 0.0614 0.0598 0.1347 0.2267
"TCGA.EB.A4OY.01A.11R.A266.07" 0 0 0 0.0572 0.0493 0.0498 0.2005 0.6433
"TCGA.EB.A4OZ.01A.12R.A266.07" 0.1035 0.1048 0.1043 0.0276 0.0251 0.0257 0.0751 0.534
"TCGA.EB.A4P0.01A.41R.A266.07" 0.0033 0.0035 0.0037 0.0381 0.0386 0.0419 0.5022 0.3686
"TCGA.EB.A4XL.01A.11R.A27Q.07" 0.026 0.0263 0.0261 0.0783 0.0755 0.0762 0.4259 0.2658
"TCGA.EB.A51B.01A.11R.A27Q.07" 0.0016 0.0017 0.0017 0.0534 0.0566 0.0524 0.3678 0.4648
"TCGA.EB.A550.01A.61R.A27Q.07" 0 0 0 0.0378 0.0307 0.0247 0.6123 0.2945
"TCGA.EB.A551.01A.21R.A27Q.07" 0.196 0.2012 0.2027 0.0266 0.0258 0.0258 0.1186 0.2035
"TCGA.EB.A553.01A.12R.A27Q.07" 0.0668 0.0733 0.0695 0.0471 0.0455 0.0422 0.1671 0.4884
"TCGA.EB.A57M.01A.51R.A311.07" 0 0 0 0.1918 0.1865 0.1874 0.2537 0.1806
"TCGA.EB.A5FP.01A.11R.A27Q.07" 0 0 0 0.0606 0.0637 0.0549 0.355 0.4658
"TCGA.EB.A5KH.06A.11R.A27Q.07" 0 0 0 0.1333 0.1222 0.1218 0.3594 0.2633
"TCGA.EB.A5SE.01A.11R.A311.07" 0 0 0 0.2195 0.1967 0.1779 0.2003 0.2055
"TCGA.EB.A5SF.01A.11R.A311.07" 0.0565 0.0628 0.057 0.0499 0.0509 0.054 0.1509 0.518
"TCGA.EB.A5SG.06A.11R.A311.07" 0.1934 0.1992 0.2053 0.0456 0.045 0.045 0.0321 0.2343
"TCGA.EB.A5SH.06A.11R.A311.07" 0.175 0.2185 0.2023 0.0098 0.0088 0.0088 0.092 0.2849
"TCGA.EB.A5UL.06A.11R.A311.07" 0.1188 0.1491 0.165 0.0302 0.0275 0.0268 0.1026 0.3799
"TCGA.EB.A5UM.01A.11R.A311.07" 0.1983 0.2232 0.2007 0.0147 0.0142 0.0169 0.0779 0.254
"TCGA.EB.A5UN.06A.11R.A311.07" 0.0783 0.0829 0.0863 0.0485 0.0462 0.0445 0.2756 0.3377
"TCGA.EB.A5VU.01A.21R.A32P.07" 0 0 0 0.0799 0.078 0.0771 0.414 0.3511
"TCGA.EB.A5VV.06A.11R.A32P.07" 0.3681 0.3238 0.3081 0 0 0 0 0
"TCGA.EB.A6L9.06A.11R.A32P.07" 0.2751 0.3106 0.2789 0 0 0 0 0.1354
"TCGA.EB.A6QY.01A.12R.A32P.07" 0 0 0 0.058 0.0517 0.0463 0.3258 0.5183
"TCGA.EB.A6QZ.01A.12R.A32P.07" 0 0 0 0.0738 0.0676 0.0637 0.2013 0.5936
"TCGA.EB.A6R0.01A.12R.A32P.07" 0.022 0.0251 0.0236 0.1547 0.153 0.1517 0.2049 0.2649
"TCGA.EB.A82B.01A.11R.A352.07" 0.0046 0.0048 0.005 0.0614 0.065 0.0596 0.1931 0.6065
"TCGA.EB.A82C.01A.11R.A352.07" 0 0 0 0.1171 0.1122 0.105 0.4334 0.2322
"TCGA.EB.A85I.01A.11R.A352.07" 0 0 0 0.2103 0.1949 0.1743 0.132 0.2885
"TCGA.EB.A85J.01A.12R.A352.07" 0.0916 0.1038 0.0883 0.1088 0.1048 0.1063 0.0642 0.3322
"TCGA.EB.A97M.01A.11R.A38C.07" 0.0065 0.0073 0.0069 0.0596 0.0519 0.0523 0.3115 0.504
"TCGA.EE.A17X.06A.11R.A18S.07" 0 0 0 0.0631 0.0562 0.0566 0.2297 0.5943
"TCGA.EE.A17Y.06A.11R.A18T.07" 0.0621 0.0621 0.0621 0.0522 0.0545 0.0486 0.2707 0.3878
"TCGA.EE.A17Z.06A.11R.A18S.07" 0.0434 0.0511 0.0445 0.0563 0.0538 0.0649 0.2242 0.4619
"TCGA.EE.A180.06A.11R.A21D.07" 0 0 0 0.2251 0.2231 0.2 0.2419 0.1099
"TCGA.EE.A181.06A.11R.A18S.07" 0.1255 0.1292 0.1245 0.0712 0.0779 0.0651 0.1147 0.2919
"TCGA.EE.A182.06A.11R.A18T.07" 0.0104 0.0105 0.0115 0.0596 0.0608 0.0567 0.2377 0.5529
"TCGA.EE.A183.06A.11R.A18S.07" 0.2417 0.2634 0.2464 0.02 0.0208 0.019 0.0306 0.158
"TCGA.EE.A184.06A.11R.A18S.07" 0.0974 0.1162 0.1063 0.0417 0.0454 0.0388 0.1347 0.4196
"TCGA.EE.A185.06A.11R.A18S.07" 0 0 0 0.0671 0.0661 0.0702 0.2147 0.5819
"TCGA.EE.A20B.06A.11R.A18U.07" 0.0136 0.0138 0.0137 0.1206 0.1246 0.1122 0.2982 0.3033
"TCGA.EE.A20C.06A.11R.A18S.07" 0.0315 0.0309 0.0308 0.1045 0.1022 0.0907 0.2825 0.3269
"TCGA.EE.A20F.06A.21R.A18S.07" 0.0647 0.0669 0.0657 0.0572 0.0519 0.0514 0.2947 0.3476
"TCGA.EE.A20H.06A.11R.A18S.07" 0.0659 0.0686 0.068 0.0436 0.0406 0.044 0.2589 0.4104
"TCGA.EE.A20I.06A.11R.A18U.07" 0 0 0 0.1167 0.1179 0.1066 0.3382 0.3206
"TCGA.EE.A29A.06A.12R.A18U.07" 0.0648 0.0651 0.0648 0.0493 0.0484 0.0497 0.3159 0.342
"TCGA.EE.A29B.06A.11R.A18U.07" 0.0235 0.0301 0.0271 0.1376 0.1274 0.1509 0.2569 0.2465
"TCGA.EE.A29C.06A.21R.A18S.07" 0 0 0 0.1435 0.1502 0.1376 0.3137 0.255
"TCGA.EE.A29D.06A.11R.A18T.07" 0.0669 0.0584 0.0608 0.0619 0.0569 0.0549 0.3285 0.3117
"TCGA.EE.A29E.06A.11R.A18T.07" 0.0101 0.012 0.0133 0.0622 0.055 0.0544 0.3491 0.444
"TCGA.EE.A29G.06A.12R.A18T.07" 0.0572 0.0595 0.0579 0.0645 0.0618 0.0697 0.3179 0.3115
"TCGA.EE.A29H.06A.12R.A18S.07" 0.0523 0.0559 0.0568 0.0457 0.046 0.0414 0.3725 0.3294
"TCGA.EE.A29L.06A.12R.A18S.07" 0 0 0 0.0582 0.0565 0.0631 0.2284 0.5938
"TCGA.EE.A29M.06A.11R.A18T.07" 0.1962 0.1987 0.2011 0.0319 0.0311 0.0357 0.1666 0.1387
"TCGA.EE.A29N.06A.12R.A18S.07" 0.2114 0.2238 0.217 0.0353 0.0333 0.0331 0.1017 0.1443
"TCGA.EE.A29P.06A.11R.A18T.07" 0.1516 0.1576 0.1552 0.0865 0.0849 0.0849 0.0432 0.2362
"TCGA.EE.A29Q.06A.11R.A18T.07" 0.023 0.0232 0.0234 0.048 0.0465 0.0499 0.3634 0.4226
"TCGA.EE.A29R.06A.11R.A18T.07" 0 0 0 0.2724 0.2588 0.2607 0.1371 0.071
"TCGA.EE.A29S.06A.11R.A18T.07" 0.0374 0.0376 0.0379 0.1955 0.1926 0.1924 0.1388 0.1678
"TCGA.EE.A29T.06A.11R.A18T.07" 0.1141 0.1141 0.1141 0.0855 0.0834 0.0834 0.103 0.3023
"TCGA.EE.A29V.06A.12R.A18S.07" 0 0 0 0.1103 0.1008 0.0991 0.1961 0.4937
"TCGA.EE.A29W.06A.11R.A18U.07" 0.0701 0.0706 0.0702 0.0483 0.0478 0.0497 0.3806 0.2627
"TCGA.EE.A29X.06A.11R.A18T.07" 0.067 0.067 0.067 0.0375 0.0375 0.0382 0.2264 0.4595
"TCGA.EE.A2A0.06A.11R.A18T.07" 0.1346 0.136 0.135 0.0973 0.0965 0.0965 0.26 0.0442
"TCGA.EE.A2A1.06A.11R.A18T.07" 0.1469 0.1446 0.144 0.0811 0.0813 0.0826 0.1438 0.1758
"TCGA.EE.A2A2.06A.11R.A18T.07" 0.194 0.2035 0.1991 0.0348 0.034 0.0353 0.1413 0.158
"TCGA.EE.A2A5.06A.11R.A18T.07" 0 0 0 0.239 0.2313 0.2379 0.1334 0.1583
"TCGA.EE.A2A6.06A.11R.A18T.07" 0.1579 0.1604 0.1588 0.1051 0.1099 0.1017 0.0797 0.1265
"TCGA.EE.A2GB.06A.11R.A18T.07" 0.08 0.0919 0.083 0.0518 0.0516 0.0466 0.3458 0.2493
"TCGA.EE.A2GC.06A.11R.A18T.07" 0.0525 0.0536 0.0532 0.2014 0.2063 0.1975 0.1728 0.0626
"TCGA.EE.A2GD.06A.11R.A18T.07" 0.0583 0.0588 0.0592 0.0966 0.0954 0.0951 0.2808 0.2559
"TCGA.EE.A2GE.06A.11R.A18T.07" 0.1251 0.1261 0.1255 0.0751 0.0742 0.0742 0.1248 0.275
"TCGA.EE.A2GH.06A.11R.A18T.07" 0.1045 0.1079 0.1056 0.0653 0.0636 0.0643 0.1507 0.3382
"TCGA.EE.A2GI.06A.11R.A18T.07" 0.1218 0.1252 0.1234 0.039 0.0384 0.0395 0.1258 0.3869
"TCGA.EE.A2GJ.06A.11R.A18U.07" 0.1063 0.1102 0.1089 0.1346 0.1463 0.1238 0.1195 0.1504
"TCGA.EE.A2GK.06A.11R.A18S.07" 0.3515 0.3309 0.3176 0 0 0 0 0
"TCGA.EE.A2GL.06A.11R.A18S.07" 0.3152 0.3236 0.3143 0 0 0 0 0.0469
"TCGA.EE.A2GM.06B.11R.A18S.07" 0.0448 0.047 0.0464 0.0512 0.0465 0.0426 0.3758 0.3456
"TCGA.EE.A2GN.06A.11R.A18S.07" 0 0 0 0.2215 0.2192 0.2336 0.2446 0.0811
"TCGA.EE.A2GO.06A.11R.A18S.07" 0.0812 0.0812 0.0812 0.0522 0.0524 0.0516 0.194 0.4063
"TCGA.EE.A2GP.06A.11R.A18S.07" 0.0206 0.0211 0.0207 0.192 0.1982 0.1849 0.3111 0.0515
"TCGA.EE.A2GR.06A.11R.A18S.07" 0 0 0 0.2294 0.2341 0.22 0.2663 0.0503
"TCGA.EE.A2GS.06A.12R.A18S.07" 0.0144 0.0149 0.0146 0.1177 0.1151 0.1057 0.3033 0.3143
"TCGA.EE.A2GT.06A.12R.A18S.07" 0.2298 0.2858 0.2945 0.019 0.0194 0.0188 0.0294 0.1033
"TCGA.EE.A2GU.06A.11R.A18T.07" 0.184 0.2088 0.2364 0 0 0 0.1126 0.2583
"TCGA.EE.A2M5.06A.12R.A18S.07" 0.037 0.1124 0.04 0.0508 0.0359 0.0354 0.2352 0.4534
"TCGA.EE.A2M6.06A.12R.A18S.07" 0.0429 0.0461 0.0447 0.1791 0.1858 0.1645 0.0987 0.2383
"TCGA.EE.A2M7.06A.11R.A18U.07" 0.2865 0.3049 0.2951 0.0084 0.008 0.0086 0.0558 0.0327
"TCGA.EE.A2M8.06A.12R.A18S.07" 0.1868 0.1896 0.1857 0.0758 0.0749 0.0752 0.057 0.1549
"TCGA.EE.A2MC.06A.12R.A18S.07" 0.1256 0.1299 0.1289 0.0608 0.0648 0.0569 0.1466 0.2866
"TCGA.EE.A2MD.06A.11R.A18T.07" 0.0674 0.069 0.0714 0.1948 0.2083 0.1993 0.1406 0.0492
"TCGA.EE.A2ME.06A.11R.A18T.07" 0.2894 0.2806 0.2804 0.0374 0.037 0.038 0.0371 0
"TCGA.EE.A2MF.06A.11R.A21D.07" 0 0 0 0.0721 0.0778 0.0645 0.1479 0.6378
"TCGA.EE.A2MG.06A.11R.A18T.07" 0.2972 0.3013 0.2965 0.0199 0.0208 0.0192 0.0367 0.0082
"TCGA.EE.A2MH.06A.11R.A18S.07" 0.2724 0.2763 0.2742 0.0116 0.0119 0.0115 0.047 0.095
"TCGA.EE.A2MI.06A.11R.A18U.07" 0.0479 0.0538 0.048 0.1155 0.1201 0.1061 0.181 0.3275
"TCGA.EE.A2MJ.06A.11R.A18S.07" 0.2537 0.2922 0.2752 0.0227 0.0222 0.0234 0.0489 0.0618
"TCGA.EE.A2MK.06A.11R.A18S.07" 0.128 0.1296 0.1285 0.0527 0.0536 0.051 0.0881 0.3686
"TCGA.EE.A2ML.06A.11R.A18S.07" 0.116 0.1178 0.1192 0.0783 0.0805 0.0715 0.1892 0.2276
"TCGA.EE.A2MM.06A.11R.A18S.07" 0.0467 0.0477 0.049 0.1131 0.1145 0.1024 0.2244 0.3023
"TCGA.EE.A2MN.06A.11R.A18S.07" 0.1141 0.1228 0.1208 0.0907 0.0883 0.0884 0.1024 0.2726
"TCGA.EE.A2MP.06A.11R.A18S.07" 0.038 0.0394 0.0386 0.1583 0.1614 0.1445 0.1748 0.245
"TCGA.EE.A2MQ.06A.11R.A18S.07" 0.0088 0.009 0.0092 0.1012 0.089 0.0908 0.4391 0.253
"TCGA.EE.A2MR.06A.11R.A18S.07" 0.2536 0.2536 0.2536 0.0363 0.0388 0.034 0.0645 0.0655
"TCGA.EE.A2MS.06A.11R.A18S.07" 0.1053 0.1114 0.1091 0.1089 0.1122 0.0936 0.1572 0.2023
"TCGA.EE.A2MT.06A.11R.A18S.07" 0.0891 0.0921 0.0904 0.0486 0.0507 0.0455 0.167 0.4165
"TCGA.EE.A2MU.06A.21R.A18S.07" 0.0813 0.0987 0.1075 0.0785 0.0774 0.0772 0.1704 0.309
"TCGA.EE.A3AA.06A.11R.A18S.07" 0.2018 0.2066 0.2067 0.0095 0.0091 0.0089 0.1483 0.2091
"TCGA.EE.A3AB.06A.11R.A18S.07" 0.0594 0.0596 0.0594 0.1132 0.1157 0.112 0.1623 0.3184
"TCGA.EE.A3AC.06A.11R.A18S.07" 0.0917 0.096 0.0973 0.1124 0.1091 0.102 0.1433 0.2482
"TCGA.EE.A3AD.06A.11R.A18S.07" 0.0119 0.0119 0.0121 0.0641 0.0624 0.0579 0.2389 0.5409
"TCGA.EE.A3AE.06A.11R.A18S.07" 0.1071 0.11 0.1081 0.0953 0.0965 0.0941 0.138 0.2509
"TCGA.EE.A3AF.06A.11R.A18S.07" 0.0423 0.0425 0.0429 0.1331 0.1301 0.1213 0.2764 0.2115
"TCGA.EE.A3AG.06A.31R.A18S.07" 0 0 0 0.0498 0.0503 0.0564 0.2185 0.625
"TCGA.EE.A3AH.06A.11R.A18S.07" 0.0091 0.0093 0.0092 0.0482 0.0501 0.0442 0.2893 0.5407
"TCGA.EE.A3J3.06A.11R.A20F.07" 0.1086 0.1095 0.1089 0.0319 0.0319 0.0317 0.3722 0.2053
"TCGA.EE.A3J4.06A.11R.A20F.07" 0 0 0 0.1103 0.1093 0.1187 0.4732 0.1884
"TCGA.EE.A3J5.06A.11R.A20F.07" 0.0383 0.0427 0.0386 0.2082 0.2065 0.2028 0.134 0.129
"TCGA.EE.A3J7.06A.11R.A20F.07" 0.0597 0.0624 0.0647 0.0584 0.0499 0.0515 0.2209 0.4325
"TCGA.EE.A3J8.06A.11R.A20F.07" 0 0 0 0.334 0.3219 0.3407 0.0034 0
"TCGA.EE.A3JA.06A.11R.A20F.07" 0.071 0.0735 0.0723 0.1393 0.1487 0.1375 0.1929 0.1648
"TCGA.EE.A3JB.06A.11R.A21D.07" 0.0284 0.0287 0.0285 0.1207 0.1204 0.1217 0.2891 0.2625
"TCGA.EE.A3JD.06A.11R.A20F.07" 0.2994 0.2896 0.2843 0.0381 0.0378 0.0386 0.0122 0
"TCGA.EE.A3JE.06A.11R.A20F.07" 0.1548 0.1574 0.156 0.0651 0.0647 0.0645 0.1455 0.1919
"TCGA.EE.A3JH.06A.11R.A21D.07" 0.2227 0.2289 0.2246 0.0276 0.0267 0.0269 0.0554 0.1873
"TCGA.EE.A3JI.06A.11R.A21D.07" 0.0876 0.0921 0.0918 0.0693 0.0689 0.0621 0.1956 0.3326
"TCGA.ER.A193.06A.12R.A18S.07" 0.0392 0.0401 0.0401 0.1793 0.1791 0.1809 0.1772 0.164
"TCGA.ER.A194.01A.11R.A18U.07" 0.0402 0.0485 0.0477 0.0342 0.0349 0.0392 0.2657 0.4897
"TCGA.ER.A195.06A.11R.A18U.07" 0.1531 0.1549 0.1539 0.0468 0.0475 0.046 0.2334 0.1644
"TCGA.ER.A196.01A.11R.A18T.07" 0.0593 0.06 0.0607 0.0374 0.0428 0.0422 0.3823 0.3154
"TCGA.ER.A197.06A.32R.A18S.07" 0.1068 0.1068 0.1068 0.1219 0.1219 0.1219 0.0962 0.2175
"TCGA.ER.A198.06A.11R.A18T.07" 0.0385 0.0418 0.0405 0.1154 0.1074 0.0929 0.2708 0.2927
"TCGA.ER.A199.06A.11R.A18T.07" 0.273 0.273 0.273 0.0311 0.0308 0.0309 0.0081 0.0801
"TCGA.ER.A19A.06A.21R.A18U.07" 0.1592 0.1601 0.1596 0.0694 0.0699 0.0691 0.1237 0.189
"TCGA.ER.A19B.06A.11R.A18S.07" 0.0596 0.0612 0.0599 0 0 0 0.4772 0.342
"TCGA.ER.A19C.06A.11R.A18S.07" 0.0683 0.0697 0.0718 0.064 0.0647 0.0678 0.2369 0.3568
"TCGA.ER.A19D.06A.11R.A18S.07" 0.1261 0.1275 0.1266 0.0876 0.0882 0.0865 0.2237 0.1337
"TCGA.ER.A19E.06A.11R.A18S.07" 0.0337 0.035 0.0343 0.1103 0.1035 0.1132 0.3088 0.2611
"TCGA.ER.A19F.06A.11R.A18S.07" 0.0067 0.0069 0.0067 0.0639 0.0658 0.0728 0.4112 0.366
"TCGA.ER.A19G.06A.11R.A18U.07" 0.1111 0.1163 0.1141 0.0699 0.0725 0.0644 0.1487 0.303
"TCGA.ER.A19H.06A.12R.A18S.07" 0.0226 0.0237 0.023 0.1929 0.1897 0.1686 0.2004 0.1792
"TCGA.ER.A19J.06A.11R.A18S.07" 0.0097 0.0096 0.0095 0.1576 0.1595 0.1546 0.4262 0.0732
"TCGA.ER.A19K.01A.21R.A18T.07" 0 0 0 0.1831 0.188 0.1661 0.3084 0.1544
"TCGA.ER.A19L.06A.12R.A18S.07" 0.0635 0.0646 0.0639 0.0499 0.0479 0.0475 0.3607 0.302
"TCGA.ER.A19M.06A.61R.A239.07" 0.0762 0.0776 0.0769 0.1577 0.1547 0.1535 0.1594 0.1439
"TCGA.ER.A19N.06A.11R.A18S.07" 0.11 0.111 0.1103 0.1246 0.1255 0.1231 0.0802 0.2153
"TCGA.ER.A19O.06A.11R.A18S.07" 0.1728 0.1756 0.1948 0.0391 0.0384 0.0381 0.0639 0.2774
"TCGA.ER.A19P.06A.11R.A18S.07" 0.2914 0.2868 0.2818 0.0201 0.0197 0.0197 0.0049 0.0757
"TCGA.ER.A19Q.06A.11R.A18U.07" 0.0391 0.0399 0.0395 0.1955 0.1975 0.1805 0.1026 0.2054
"TCGA.ER.A19S.06A.11R.A18U.07" 0.2311 0.2281 0.2277 0.0215 0.0212 0.0212 0.0473 0.2018
"TCGA.ER.A19T.06A.11R.A18U.07" 0.0659 0.0686 0.0672 0.0701 0.0725 0.0792 0.3423 0.2341
"TCGA.ER.A19T.01A.11R.A18T.07" 0 0 0 0.054 0.0579 0.0503 0.3893 0.4485
"TCGA.ER.A19W.06A.41R.A239.07" 0.2301 0.2237 0.2177 0.0612 0.0597 0.0596 0.071 0.0769
"TCGA.ER.A1A1.06A.11R.A18U.07" 0.3233 0.3499 0.3268 0 0 0 0 0
"TCGA.ER.A2NB.01A.12R.A18S.07" 0.0284 0.0317 0.0306 0.1042 0.0553 0.0538 0.3038 0.3923
"TCGA.ER.A2NC.06A.11R.A18T.07" 0.0865 0.0869 0.0874 0.1094 0.1097 0.1076 0.1996 0.213
"TCGA.ER.A2ND.06A.11R.A18T.07" 0.0571 0.0733 0.0792 0.0482 0.0443 0.0518 0.2369 0.4091
"TCGA.ER.A2NE.06A.21R.A18T.07" 0.0697 0.0832 0.0809 0.0582 0.0658 0.054 0.1985 0.3898
"TCGA.ER.A2NF.06A.11R.A18T.07" 0.1166 0.1403 0.1367 0.0336 0.0336 0.0355 0.1275 0.3762
"TCGA.ER.A2NF.01A.11R.A18T.07" 0.0721 0.0734 0.0726 0.0769 0.0825 0.0786 0.2373 0.3068
"TCGA.ER.A2NG.06A.11R.A18T.07" 0.0862 0.0877 0.0887 0.1447 0.1412 0.1388 0.0733 0.2394
"TCGA.ER.A2NH.06A.11R.A18S.07" 0.1297 0.132 0.13 0.0741 0.0725 0.0716 0.1564 0.2338
"TCGA.ER.A3ES.06A.11R.A20F.07" 0.0069 0.0073 0.007 0.1521 0.1344 0.1713 0.1708 0.3502
"TCGA.ER.A3ET.06A.11R.A20F.07" 0.0424 0.0428 0.0425 0.1558 0.1582 0.152 0.2415 0.1648
"TCGA.ER.A3EV.06A.11R.A20F.07" 0.0589 0.0722 0.0749 0.0522 0.0519 0.0566 0.1454 0.4878
"TCGA.ER.A3PL.06A.11R.A239.07" 0 0 0 0.1371 0.1336 0.1242 0.3247 0.2803
"TCGA.ER.A42H.01A.11R.A24X.07" 0.0023 0.0023 0.0022 0.2081 0.1919 0.2292 0.2912 0.0727
"TCGA.ER.A42K.06A.11R.A24X.07" 0.0545 0.0552 0.0547 0.0144 0.014 0.0141 0.3178 0.4752
"TCGA.ER.A42L.06A.11R.A24X.07" 0.1492 0.1553 0.1518 0.1313 0.1256 0.1246 0.0251 0.1371
"TCGA.FR.A2OS.01A.11R.A21D.07" 0 0 0 0.1816 0.1926 0.1654 0.3142 0.1463
"TCGA.FR.A3R1.01A.11R.A239.07" 0.0584 0.0592 0.0606 0.0479 0.0526 0.0475 0.2956 0.3783
"TCGA.FR.A3YN.06A.11R.A239.07" 0.0928 0.0971 0.0942 0.0961 0.0978 0.0863 0.2087 0.227
"TCGA.FR.A3YO.06A.11R.A239.07" 0 0 0 0.2376 0.2137 0.2137 0.1616 0.1736
"TCGA.FR.A44A.06A.11R.A24X.07" 0.1413 0.1469 0.1461 0.0556 0.0547 0.0547 0.1499 0.251
"TCGA.FR.A69P.06A.21R.A311.07" 0.0045 0.0046 0.0045 0.2166 0.2306 0.2006 0.176 0.1626
"TCGA.FR.A726.01A.11R.A32P.07" 0.0262 0.0267 0.0272 0.1293 0.1409 0.1274 0.2735 0.2489
"TCGA.FR.A728.01A.11R.A32P.07" 0.0689 0.0707 0.0716 0.153 0.1386 0.1391 0.1181 0.24
"TCGA.FR.A729.06A.11R.A352.07" 0.2353 0.2473 0.237 0.0241 0.0235 0.0246 0.0304 0.1778
"TCGA.FR.A7U8.06A.21R.A352.07" 0.005 0.0053 0.0052 0.079 0.0755 0.0875 0.1522 0.5903
"TCGA.FR.A7U9.06A.11R.A352.07" 0.0899 0.089 0.0888 0.0927 0.0927 0.0909 0.2068 0.2492
"TCGA.FR.A7UA.06A.32R.A352.07" 0.2049 0.2235 0.2467 0.0222 0.0226 0.0218 0.0874 0.1708
"TCGA.FR.A8YC.06A.11R.A37K.07" 0.1069 0.1147 0.1105 0.0605 0.0594 0.0652 0.1341 0.3487
"TCGA.FR.A8YD.06A.11R.A37K.07" 0.0379 0.0462 0.0472 0.044 0.0437 0.0479 0.1385 0.5946
"TCGA.FR.A8YE.06A.11R.A37K.07" 0.3299 0.3299 0.3299 0 0 0 0.0102 0
"TCGA.FS.A1YW.06A.11R.A18T.07" 0.1704 0.1733 0.1709 0 0 0 0.2174 0.268
"TCGA.FS.A1YX.06A.11R.A18T.07" 0.0352 0.0364 0.0356 0.0974 0.1014 0.089 0.2946 0.3104
"TCGA.FS.A1YY.06A.11R.A18T.07" 0 0 0 0.2163 0.2108 0.1954 0.2273 0.1502
"TCGA.FS.A1Z0.06A.11R.A18T.07" 0.161 0.1652 0.1615 0.017 0.0174 0.0167 0.1513 0.3098
"TCGA.FS.A1Z3.06A.11R.A18T.07" 0 0 0 0.1518 0.1459 0.1477 0.3589 0.1957
"TCGA.FS.A1Z4.06A.11R.A18T.07" 0.2741 0.2598 0.2646 0.0147 0.0142 0.0144 0.1088 0.0494
"TCGA.FS.A1Z7.06A.11R.A18T.07" 0.0121 0.0123 0.0122 0.1951 0.1965 0.1919 0.2091 0.1708
"TCGA.FS.A1ZA.06A.11R.A18T.07" 0.0173 0.0177 0.0174 0.0496 0.0476 0.0485 0.188 0.6139
"TCGA.FS.A1ZB.06A.12R.A18S.07" 0.0516 0.0523 0.0531 0.0834 0.0877 0.0812 0.3429 0.2476
"TCGA.FS.A1ZC.06A.11R.A18T.07" 0 0 0 0.2238 0.2399 0.2211 0.114 0.2012
"TCGA.FS.A1ZD.06A.11R.A18T.07" 0.0176 0.0177 0.0176 0.2308 0.2472 0.2098 0.223 0.0363
"TCGA.FS.A1ZE.06A.11R.A18T.07" 0 0 0 0.1925 0.1716 0.1711 0.3707 0.0941
"TCGA.FS.A1ZF.06A.12R.A18S.07" 0 0 0 0.1663 0.1614 0.1609 0.2878 0.2237
"TCGA.FS.A1ZG.06A.11R.A18T.07" 0.0171 0.0218 0.0213 0.0832 0.0728 0.0739 0.2 0.51
"TCGA.FS.A1ZH.06A.11R.A18T.07" 0.1519 0.1534 0.1526 0.0508 0.052 0.0481 0.1614 0.2296
"TCGA.FS.A1ZJ.06A.12R.A18S.07" 0.056 0.0702 0.0631 0.0498 0.0424 0.0409 0.2554 0.4222
"TCGA.FS.A1ZK.06A.11R.A18T.07" 0 0 0 0.1741 0.1554 0.156 0.3947 0.1198
"TCGA.FS.A1ZM.06A.12R.A18S.07" 0.0348 0.0348 0.0348 0.1894 0.1882 0.1882 0.1456 0.1843
"TCGA.FS.A1ZN.01A.11R.A18T.07" 0.0459 0.0468 0.0462 0.0372 0.0381 0.0341 0.3612 0.3904
"TCGA.FS.A1ZP.06A.11R.A18T.07" 0.1318 0.1392 0.1344 0.0721 0.0759 0.0789 0.2379 0.1298
"TCGA.FS.A1ZQ.06A.11R.A18U.07" 0.0501 0.0578 0.0535 0.0567 0.0569 0.0602 0.2185 0.4464
"TCGA.FS.A1ZR.06A.21R.A18U.07" 0 0 0 0.2688 0.2688 0.2424 0.1823 0.0378
"TCGA.FS.A1ZS.06A.12R.A18T.07" 0.0341 0.0345 0.0343 0.0789 0.0835 0.0746 0.419 0.241
"TCGA.FS.A1ZT.06A.11R.A18U.07" 0.2463 0.259 0.2504 0.0278 0.0298 0.0311 0.0595 0.0961
"TCGA.FS.A1ZU.06A.12R.A18T.07" 0.0575 0.0587 0.0581 0.0826 0.0778 0.0844 0.1873 0.3936
"TCGA.FS.A1ZW.06A.12R.A18T.07" 0.1142 0.1159 0.1148 0.1833 0.186 0.1817 0.0469 0.0571
"TCGA.FS.A1ZY.06A.11R.A18S.07" 0.0088 0.0109 0.0098 0.0776 0.0678 0.0685 0.233 0.5237
"TCGA.FS.A1ZZ.06A.11R.A18S.07" 0 0 0 0.0787 0.0763 0.0823 0.2513 0.5113
"TCGA.FS.A4F0.06A.11R.A24X.07" 0 0 0 0.0658 0.0653 0.0593 0.2614 0.5481
"TCGA.FS.A4F2.06A.11R.A24X.07" 0 0 0 0.1641 0.1441 0.1381 0.1622 0.3915
"TCGA.FS.A4F4.06A.12R.A266.07" 0 0 0 0.1888 0.1943 0.1868 0.265 0.1651
"TCGA.FS.A4F5.06A.11R.A266.07" 0.0055 0.0055 0.0056 0.1516 0.1585 0.148 0.4284 0.0968
"TCGA.FS.A4F8.06A.11R.A266.07" 0.2967 0.3115 0.3054 0.0087 0.0085 0.0092 0.0599 0
"TCGA.FS.A4F9.06A.11R.A24X.07" 0.048 0.058 0.0536 0.06 0.0526 0.0578 0.2182 0.4519
"TCGA.FS.A4FB.06A.11R.A266.07" 0 0 0 0.0897 0.0911 0.0803 0.5904 0.1486
"TCGA.FS.A4FC.06A.11R.A24X.07" 0.0057 0.0058 0.0059 0.222 0.2033 0.1892 0.331 0.037
"TCGA.FS.A4FD.06A.11R.A266.07" 0.0529 0.0654 0.0603 0.0459 0.0449 0.0496 0.3357 0.3452
"TCGA.FW.A3I3.06A.11R.A21D.07" 0.0585 0.0729 0.0661 0.0495 0.0437 0.0466 0.317 0.3458
"TCGA.FW.A3R5.06A.11R.A239.07" 0.0291 0.0334 0.0296 0.2077 0.2117 0.2153 0.22 0.0531
"TCGA.FW.A3TU.06A.11R.A239.07" 0.0644 0.0745 0.072 0.0407 0.0363 0.0364 0.252 0.4236
"TCGA.FW.A3TV.06A.11R.A239.07" 0.0861 0.1005 0.0896 0.0538 0.0545 0.0498 0.3125 0.2532
"TCGA.FW.A5DX.01A.11R.A27Q.07" 0 0 0 0.065 0.0709 0.0607 0.3844 0.419
"TCGA.FW.A5DY.06A.11R.A311.07" 0.3406 0.3343 0.3251 0 0 0 0 0
"TCGA.GF.A2C7.01A.11R.A18T.07" 0 0 0 0.0925 0.0815 0.0794 0.1987 0.548
"TCGA.GF.A3OT.06A.23R.A239.07" 0 0 0 0.1197 0.1255 0.1138 0.3837 0.2573
"TCGA.GF.A4EO.06A.12R.A24X.07" 0.2055 0.2107 0.2077 0.0546 0.0537 0.0533 0.0396 0.1748
"TCGA.GF.A6C8.06A.12R.A311.07" 0.0542 0.0568 0.0555 0.0655 0.0598 0.0548 0.1237 0.5297
"TCGA.GF.A6C9.06A.11R.A311.07" 0.2148 0.2166 0.2153 0.0255 0.0234 0.0229 0.1103 0.1711
"TCGA.GF.A769.01A.32R.A32P.07" 0.064 0.0656 0.0659 0.0374 0.0348 0.0348 0.1671 0.5304
"TCGA.GN.A262.06A.11R.A18T.07" 0 0 0 0.0443 0.0391 0.0463 0.389 0.4813
"TCGA.GN.A263.01A.11R.A18T.07" 0 0 0 0.0936 0.0955 0.0926 0.5521 0.1662
"TCGA.GN.A264.06A.11R.A18U.07" 0 0 0 0.1775 0.1915 0.1723 0.3158 0.1429
"TCGA.GN.A265.06A.21R.A18T.07" 0.1207 0.1207 0.1207 0.0566 0.0561 0.0561 0.1852 0.2839
"TCGA.GN.A266.06A.11R.A18T.07" 0.119 0.119 0.119 0.0937 0.1 0.0875 0.1573 0.2045
"TCGA.GN.A267.06A.21R.A18T.07" 0.0155 0.0189 0.0192 0.1873 0.1738 0.1724 0.196 0.2169
"TCGA.GN.A268.06A.11R.A18T.07" 0 0 0 0.1364 0.1369 0.1468 0.2786 0.3014
"TCGA.GN.A26A.06A.11R.A18T.07" 0.1362 0.1362 0.1362 0.0577 0.0578 0.0563 0.1656 0.2539
"TCGA.GN.A26C.01A.11R.A18T.07" 0.1312 0.1312 0.1312 0.1085 0.1137 0.1005 0.0876 0.1962
"TCGA.GN.A26D.06A.11R.A18T.07" 0.051 0.0524 0.0517 0.0657 0.0641 0.0548 0.2596 0.4006
"TCGA.GN.A4U3.06A.11R.A32P.07" 0 0 0 0.058 0.0645 0.0564 0.2397 0.5814
"TCGA.GN.A4U4.06A.11R.A32P.07" 0.0869 0.0898 0.088 0.0466 0.0469 0.0498 0.1849 0.4071
"TCGA.GN.A4U5.01A.11R.A32P.07" 0.1652 0.1684 0.1655 0.0188 0.0191 0.0187 0.1605 0.2837
"TCGA.GN.A4U7.06A.21R.A32P.07" 0 0 0 0.0577 0.0523 0.063 0.224 0.603
"TCGA.GN.A4U8.11A.11R.A32P.07" 0.3091 0.3241 0.3143 0.0107 0.0105 0.0109 0 0.0204
"TCGA.GN.A4U8.06A.11R.A32P.07" 0.2229 0.2679 0.2473 0.0284 0.027 0.0276 0.0362 0.1427
"TCGA.GN.A4U9.06A.11R.A32P.07" 0 0 0 0.2721 0.2515 0.2783 0.099 0.099
"TCGA.GN.A8LK.06A.11R.A37K.07" 0 0 0 0.0571 0.0559 0.0628 0.226 0.5982
"TCGA.GN.A8LL.06A.21R.A37K.07" 0.0171 0.0228 0.019 0.0608 0.0623 0.0527 0.1817 0.5836
"TCGA.GN.A8LN.01A.11R.A37K.07" 0.0474 0.0481 0.0476 0.0766 0.0729 0.0733 0.3131 0.3211
"TCGA.GN.A9SD.06A.11R.A40A.07" 0.289 0.2937 0.289 0.0275 0.027 0.0285 0.0453 0
"TCGA.HR.A2OG.06A.21R.A18U.07" 0.128 0.1289 0.1282 0.0499 0.0506 0.0495 0.1714 0.2936
"TCGA.HR.A2OH.06A.11R.A18U.07" 0.1863 0.1915 0.19 0.0543 0.0527 0.0526 0.0533 0.2192
"TCGA.HR.A5NC.01A.11R.A27Q.07" 0.0227 0.0243 0.0237 0.1437 0.1278 0.1274 0.3288 0.2016
"TCGA.IH.A3EA.01A.11R.A20F.07" 0 0 0 0.0644 0.0652 0.0705 0.1714 0.6285
"TCGA.LH.A9QB.06A.11R.A38C.07" 0.0784 0.0784 0.0784 0.051 0.0501 0.0513 0.2215 0.391
"TCGA.OD.A75X.06A.12R.A32P.07" 0 0 0 0.1337 0.1371 0.1307 0.1636 0.4349
"TCGA.QB.A6FS.06A.11R.A311.07" 0.1567 0.1729 0.1639 0.0632 0.0567 0.0655 0.0572 0.2639
"TCGA.QB.AA9O.06A.11R.A39D.07" 0.0914 0.0941 0.0957 0.0282 0.0269 0.0272 0.1725 0.464
"TCGA.RP.A690.06A.11R.A311.07" 0.0858 0.0901 0.0881 0.0472 0.0439 0.0502 0.2915 0.3032
"TCGA.RP.A693.06A.13R.A311.07" 0.1734 0.1793 0.1735 0.0431 0.0434 0.0419 0.1321 0.2133
"TCGA.RP.A694.06A.11R.A311.07" 0.0755 0.0942 0.0937 0.0883 0.0846 0.0914 0.2245 0.2478
"TCGA.RP.A695.06A.11R.A311.07" 0.077 0.08 0.0826 0.0457 0.0418 0.0491 0.209 0.4149
"TCGA.RP.A6K9.06A.41R.A352.07" 0.0549 0.064 0.0621 0.0494 0.0495 0.0481 0.3363 0.3357
"TCGA.W3.A824.06A.21R.A352.07" 0.0501 0.0524 0.0505 0.1011 0.0933 0.0873 0.1074 0.4579
"TCGA.W3.A825.06A.11R.A352.07" 0.0655 0.0668 0.0662 0.2277 0.2319 0.2128 0.0511 0.0779
"TCGA.W3.A828.06A.11R.A352.07" 0.0427 0.0427 0.0427 0.1197 0.1197 0.1197 0.2305 0.2823
"TCGA.W3.AA1O.06A.11R.A38C.07" 0.0072 0.0075 0.0074 0.1877 0.1934 0.1769 0.3632 0.0568
"TCGA.W3.AA1Q.06A.11R.A38C.07" 0.0774 0.0791 0.0811 0.172 0.1532 0.1748 0.1432 0.1193
"TCGA.W3.AA1R.06A.11R.A39D.07" 0.0332 0.0397 0.0365 0.033 0.0344 0.0356 0.4595 0.3279
"TCGA.W3.AA1V.06B.11R.A40A.07" 0.101 0.12 0.1144 0.0766 0.0843 0.0708 0.2092 0.2237
"TCGA.W3.AA1W.06A.11R.A38C.07" 0.2184 0.2565 0.2454 0.0267 0.0262 0.0265 0.0155 0.1849
"TCGA.W3.AA21.06A.11R.A38C.07" 0 0 0 0.0547 0.0484 0.0498 0.197 0.6502
"TCGA.WE.A8JZ.06A.11R.A37K.07" 0.0293 0.0297 0.0294 0.1387 0.1364 0.1408 0.3841 0.1117
"TCGA.WE.A8K1.06A.21R.A37K.07" 0.1386 0.1202 0.1227 0.0846 0.0832 0.0817 0.125 0.2441
"TCGA.WE.A8K4.01A.12R.A37K.07" 0.1734 0.1881 0.1854 0.0298 0.028 0.0332 0.1322 0.2298
"TCGA.WE.A8K5.06A.11R.A37K.07" 0.0046 0.0048 0.0047 0.0574 0.0563 0.0581 0.4987 0.3154
"TCGA.WE.A8K6.06A.11R.A37K.07" 0.0772 0.0767 0.0765 0.0482 0.052 0.0479 0.2005 0.421
"TCGA.WE.A8ZM.06A.11R.A37K.07" 0.0935 0.0928 0.0927 0.0504 0.0506 0.0464 0.2157 0.3579
"TCGA.WE.A8ZN.06A.11R.A37K.07" 0.0467 0.0522 0.0479 0.1463 0.1427 0.142 0.1236 0.2986
"TCGA.WE.A8ZO.06A.11R.A37K.07" 0.0841 0.0858 0.0845 0.1014 0.1035 0.0984 0.1864 0.2559
"TCGA.WE.A8ZQ.06A.41R.A37K.07" 0 0 0 0.3157 0.2753 0.2634 0.0623 0.0834
"TCGA.WE.A8ZR.06A.11R.A37K.07" 0.0551 0.0503 0.0554 0.0485 0.0447 0.0466 0.3585 0.3409
"TCGA.WE.A8ZT.06A.11R.A37K.07" 0.1065 0.1262 0.1081 0.0419 0.0433 0.0379 0.2369 0.2992
"TCGA.WE.A8ZX.06A.11R.A37K.07" 0.0729 0.0762 0.0798 0.1251 0.1213 0.1308 0.0788 0.315
"TCGA.WE.A8ZY.06A.11R.A37K.07" 0.0432 0.0439 0.0445 0.0636 0.0618 0.0572 0.3257 0.3601
"TCGA.WE.AA9Y.06A.12R.A38C.07" 0.0248 0.0251 0.025 0.1003 0.1001 0.1009 0.4103 0.2135
"TCGA.WE.AAA0.06A.11R.A38C.07" 0.1784 0.1758 0.1744 0.0222 0.0218 0.019 0.148 0.2604
"TCGA.WE.AAA3.06A.11R.A38C.07" 0.0052 0.0064 0.0066 0.2028 0.2065 0.2309 0.1793 0.1623
"TCGA.WE.AAA4.06A.12R.A38C.07" 0.0965 0.1055 0.0976 0.1111 0.1091 0.1088 0.0396 0.3318
"TCGA.XV.A9VZ.01A.11R.A38C.07" 0 0 0 0.042 0.0382 0.0437 0.5822 0.2939
"TCGA.XV.A9W2.01A.11R.A39D.07" 0.0395 0.0484 0.0437 0.0426 0.0479 0.0363 0.352 0.3896
"TCGA.XV.A9W5.01A.11R.A38C.07" 0.0758 0.0767 0.0778 0.0429 0.0413 0.0411 0.2751 0.3694
"TCGA.XV.AAZV.01A.11R.A40A.07" 0.0691 0.0691 0.0691 0.0752 0.0716 0.0683 0.155 0.4227
"TCGA.XV.AAZW.01A.12R.A40A.07" 0.0049 0.005 0.0049 0.0558 0.0556 0.057 0.3516 0.4653
"TCGA.XV.AAZY.01A.12R.A40A.07" 0.0945 0.0844 0.0816 0.085 0.0728 0.0743 0.1557 0.3517
"TCGA.XV.AB01.06A.12R.A40A.07" 0.0446 0.0508 0.0456 0.0481 0.0424 0.0452 0.3613 0.3619
"TCGA.YD.A89C.06A.11R.A37K.07" 0.066 0.0694 0.068 0.0631 0.0573 0.0679 0.2268 0.3814
"TCGA.YD.A9TA.06A.11R.A39D.07" 0.1273 0.1319 0.1291 0.0684 0.0662 0.0654 0.1715 0.2401
"TCGA.YD.A9TB.06A.12R.A40A.07" 0.0268 0.0274 0.027 0.1629 0.1594 0.1591 0.2923 0.1452
"TCGA.YG.AA3N.01A.11R.A38C.07" 0.1534 0.1858 0.1691 0.0323 0.0342 0.0289 0.0763 0.3199
"TCGA.YG.AA3O.06A.11R.A38C.07" 0.0582 0.0591 0.0607 0.0496 0.0486 0.054 0.299 0.3708
"TCGA.YG.AA3P.06A.11R.A38C.07" 0 0 0 0.0485 0.0492 0.0526 0.2929 0.5569
"TCGA.Z2.A8RT.06A.11R.A37K.07" 0.1899 0.1927 0.1906 0.0307 0.0315 0.0298 0.1386 0.1962
"TCGA.Z2.AA3S.06A.11R.A39D.07" 0.0497 0.0557 0.0492 0.0525 0.0578 0.0491 0.3215 0.3646
"TCGA.Z2.AA3V.06A.11R.A39D.07" 0.1994 0.217 0.2012 0.0178 0.0166 0.0201 0.0255 0.3025
