"CD4_na" "CD4_cenm" "CD4_efm" "CD8_na" "CD8_cenm" "CD8_efm" "Treg" "T gamma delta"
"TCGA.3M.AB46.01A.11R.A414.31" 0 0 0 0.2384 0.2474 0.232 0.0943 0.1879
"TCGA.3M.AB47.01A.22R.A414.31" 0.0856 0.0883 0.0871 0.1446 0.1417 0.1417 0.2046 0.1065
"TCGA.B7.5816.01A.21R.1602.13" 0.0652 0.0664 0.0671 0.1309 0.1317 0.1305 0.1621 0.2461
"TCGA.B7.5818.01A.11R.1602.13" 0.0385 0.0435 0.0458 0.1588 0.1409 0.1543 0.0175 0.4007
"TCGA.B7.A5TI.01A.11R.A31P.31" 0 0 0 0.211 0.2136 0.2092 0.1812 0.185
"TCGA.B7.A5TJ.01A.11R.A31P.31" 0 0 0 0.2469 0.2305 0.2602 0.2202 0.0422
"TCGA.B7.A5TK.01A.12R.A36D.31" 0.0504 0.0525 0.053 0.1053 0.101 0.0921 0.1005 0.4451
"TCGA.B7.A5TN.01A.21R.A31P.31" 0 0 0 0.2386 0.2396 0.2368 0.1459 0.1391
"TCGA.BR.4187.01A.01R.1131.13" 0.0582 0.0586 0.0589 0.1379 0.1386 0.1361 0.2398 0.1719
"TCGA.BR.4191.01A.02R.1131.13" 0.1213 0.1288 0.1324 0.1175 0.1139 0.1135 0.1717 0.1008
"TCGA.BR.4201.01A.01R.1131.13" 0.076 0.0766 0.0773 0.117 0.1162 0.118 0.3201 0.0986
"TCGA.BR.4253.01A.01R.1131.13" 0.1836 0.252 0.1966 0 0 0 0.1182 0.2495
"TCGA.BR.4255.01A.01R.1131.13" 0 0 0 0.1995 0.1963 0.1972 0.2108 0.1961
"TCGA.BR.4256.01A.01R.1131.13" 0.0708 0.0717 0.0727 0.1271 0.1275 0.1248 0.1629 0.2425
"TCGA.BR.4257.01A.01R.1131.13" 0.0524 0.0539 0.0548 0.1559 0.1514 0.1535 0.1664 0.2117
"TCGA.BR.4267.01A.01R.1131.13" 0.0896 0.1083 0.1142 0.0616 0.0575 0.0539 0.1605 0.3543
"TCGA.BR.4279.01A.01R.1131.13" 0.0284 0.0288 0.0286 0.2103 0.2056 0.2045 0.1592 0.1346
"TCGA.BR.4280.01A.01R.1131.13" 0.0718 0.0796 0.0813 0.1032 0.0973 0.0989 0.1737 0.2943
"TCGA.BR.4292.01A.01R.1131.13" 0.1726 0.197 0.2029 0.0451 0.0462 0.044 0.123 0.1691
"TCGA.BR.4294.01A.01R.1131.13" 0.0231 0.0111 0.0082 0.0462 0.0417 0.6517 0.0703 0.1476
"TCGA.BR.4357.01A.01R.1157.13" 0.1276 0.1273 0.1304 0.0649 0.0628 0.0633 0.2138 0.2099
"TCGA.BR.4361.01A.01R.1157.13" 0.0626 0.0637 0.0643 0.1531 0.1541 0.1507 0.1749 0.1766
"TCGA.BR.4362.01A.01R.1157.13" 0.09 0.1012 0.1085 0.1688 0.1625 0.1598 0.1123 0.0969
"TCGA.BR.4363.01A.01R.1157.13" 0.0324 0.0336 0.0333 0.1795 0.1779 0.1819 0.2553 0.1061
"TCGA.BR.4366.01A.01R.1157.13" 0 0 0 0.149 0.1482 0.1638 0.2842 0.2549
"TCGA.BR.4367.01A.01R.1157.13" 0 0 0 0.1327 0.1278 0.1282 0.3033 0.308
"TCGA.BR.4368.01A.01R.1157.13" 0.0409 0.0432 0.0476 0.2015 0.1938 0.1978 0.1571 0.118
"TCGA.BR.4369.01A.01R.1157.13" 0.0889 0.094 0.096 0.0961 0.092 0.093 0.2483 0.1916
"TCGA.BR.4370.01A.01R.1157.13" 0 0 0 0.2089 0.2052 0.2046 0.2139 0.1675
"TCGA.BR.4371.01A.01R.1157.13" 0.0458 0.0523 0.0469 0.1417 0.1276 0.1334 0.2134 0.2388
"TCGA.BR.6452.01A.12R.1802.13" 0.0756 0.0802 0.0804 0.0829 0.0796 0.0807 0.1633 0.3573
"TCGA.BR.6453.11A.01R.1802.13" 0.1814 0.1808 0.1775 0.0605 0.0584 0.0644 0.0775 0.1994
"TCGA.BR.6453.01A.11R.1802.13" 0.2348 0.24 0.2437 0.0849 0.0843 0.0877 0 0.0247
"TCGA.BR.6454.11A.01R.1802.13" 0.1801 0.1849 0.1817 0.0835 0.0869 0.0729 0.075 0.1351
"TCGA.BR.6454.01A.11R.1802.13" 0.1389 0.1579 0.1745 0.1239 0.1107 0.1303 0.0208 0.1431
"TCGA.BR.6455.01A.11R.1802.13" 0.0244 0.0282 0.0255 0.2632 0.2667 0.2398 0.0346 0.1175
"TCGA.BR.6456.01A.11R.1802.13" 0.0079 0.0081 0.0081 0.2357 0.2375 0.2339 0.1346 0.1343
"TCGA.BR.6457.11A.01R.1802.13" 0.1609 0.1672 0.169 0.0866 0.0944 0.0837 0.0588 0.1794
"TCGA.BR.6457.01A.21R.1802.13" 0.0161 0.0163 0.0165 0.2363 0.2591 0.2318 0.1003 0.1236
"TCGA.BR.6458.11A.01R.1802.13" 0.1288 0.128 0.1336 0.1222 0.115 0.1175 0.0887 0.1661
"TCGA.BR.6458.01A.11R.1802.13" 0.0885 0.0923 0.0916 0.1428 0.1415 0.1418 0.0972 0.2043
"TCGA.BR.6563.01A.13R.2055.13" 0.1122 0.1137 0.1132 0.1734 0.1692 0.1688 0.0553 0.0941
"TCGA.BR.6564.11A.01R.1884.13" 0.1154 0.1193 0.1174 0.1045 0.1092 0.0978 0.0541 0.2825
"TCGA.BR.6564.01A.12R.1884.13" 0.0296 0.0298 0.0298 0.1772 0.1802 0.176 0.1071 0.2703
"TCGA.BR.6565.01A.11R.1802.13" 0.0434 0.0459 0.0453 0.1645 0.1608 0.1575 0.1019 0.2806
"TCGA.BR.6566.01A.11R.1802.13" 0.0405 0.0416 0.0412 0.1273 0.1265 0.1264 0.1388 0.3577
"TCGA.BR.6705.01A.12R.1884.13" 0.0114 0.0116 0.0116 0.2058 0.2043 0.204 0.0931 0.2583
"TCGA.BR.6706.01A.11R.1884.13" 0.0659 0.0687 0.0682 0.1884 0.1862 0.1856 0.052 0.1849
"TCGA.BR.6707.01A.11R.1884.13" 0.0757 0.0861 0.0904 0.1243 0.1191 0.1189 0.0275 0.3581
"TCGA.BR.6709.01A.11R.1884.13" 0.1795 0.1984 0.1885 0.1032 0.1032 0.1002 0 0.1271
"TCGA.BR.6801.01A.11R.1884.13" 0 0 0 0.2906 0.2601 0.2821 0.0989 0.0683
"TCGA.BR.6802.11A.01R.1884.13" 0 0 0 0.3058 0.2876 0.3258 0.0022 0.0785
"TCGA.BR.6802.01A.11R.1884.13" 0.0191 0.02 0.0214 0.1939 0.1898 0.1891 0.0318 0.3349
"TCGA.BR.6803.01A.11R.1884.13" 0.0463 0.0468 0.0471 0.1975 0.2001 0.1951 0.0797 0.1875
"TCGA.BR.6852.11A.01R.1884.13" 0.1768 0.1983 0.1986 0.1093 0.1111 0.1057 0 0.1002
"TCGA.BR.6852.01A.11R.1884.13" 0.1293 0.1363 0.1362 0.0467 0.046 0.0459 0.0095 0.4502
"TCGA.BR.7196.01A.11R.2055.13" 0.0612 0.0638 0.0634 0.2111 0.2065 0.2034 0.1023 0.0881
"TCGA.BR.7197.01A.11R.2203.13" 0 0 0 0.1497 0.1315 0.1447 0.4178 0.1562
"TCGA.BR.7703.01A.11R.2055.13" 0.1137 0.1215 0.1278 0.0771 0.0742 0.0757 0.1023 0.3077
"TCGA.BR.7704.11A.01R.2055.13" 0.0635 0.0656 0.0653 0.2253 0.2377 0.2065 0.0413 0.0948
"TCGA.BR.7704.01A.11R.2055.13" 0.133 0.151 0.1584 0.1 0.099 0.1009 0 0.2577
"TCGA.BR.7707.01A.11R.2055.13" 0.0534 0.0557 0.0568 0.075 0.072 0.072 0.1333 0.4819
"TCGA.BR.7715.11A.01R.2055.13" 0.276 0.2684 0.2671 0.0631 0.061 0.0645 0 0
"TCGA.BR.7715.01A.11R.2055.13" 0 0 0 0.2486 0.244 0.2514 0.1786 0.0775
"TCGA.BR.7716.11A.01R.2055.13" 0.0697 0.0729 0.0714 0.2146 0.2144 0.1859 0.037 0.1342
"TCGA.BR.7716.01A.21R.2055.13" 0.1236 0.1531 0.1492 0.1222 0.1103 0.1062 0.0403 0.1951
"TCGA.BR.7717.11A.01R.2055.13" 0.1963 0.207 0.1912 0.1348 0.1335 0.1372 0 0
"TCGA.BR.7717.01A.11R.2055.13" 0 0 0 0.2958 0.2805 0.2668 0.0659 0.091
"TCGA.BR.7722.01A.31R.2203.13" 0.0136 0.0137 0.0134 0.2319 0.2226 0.2227 0.1325 0.1495
"TCGA.BR.7723.01A.11R.2055.13" 0.0665 0.0709 0.0728 0.1312 0.1245 0.1273 0.1526 0.2543
"TCGA.BR.7851.11A.01R.2203.13" 0.0606 0.0698 0.0701 0.0573 0.0542 0.0614 0.2274 0.3993
"TCGA.BR.7851.01A.11R.2203.13" 0.001 0.0011 0.0011 0.1729 0.1697 0.1696 0.2347 0.25
"TCGA.BR.7901.01A.11R.2203.13" 0 0 0 0.191 0.1767 0.1865 0.2629 0.1828
"TCGA.BR.7957.01A.11R.2203.13" 0 0 0 0.2142 0.2123 0.2121 0.1712 0.1903
"TCGA.BR.7958.01A.21R.2343.13" 0.1441 0.1537 0.1504 0.0691 0.0681 0.0678 0.0502 0.2966
"TCGA.BR.7959.01A.11R.2343.13" 0 0 0 0.2298 0.2445 0.2218 0.2127 0.0912
"TCGA.BR.8058.01A.31R.2343.13" 0.1157 0.1192 0.1179 0.1629 0.1604 0.16 0.0724 0.0915
"TCGA.BR.8059.01A.11R.2343.13" 0 0 0 0.2709 0.2701 0.2751 0.1162 0.0677
"TCGA.BR.8060.01A.11R.2343.13" 0 0 0 0.174 0.1791 0.1783 0.2638 0.2047
"TCGA.BR.8077.01A.11R.2343.13" 0.0526 0.0627 0.0614 0.1532 0.1605 0.1415 0.1339 0.2343
"TCGA.BR.8078.01A.11R.2343.13" 0.0295 0.0305 0.0298 0.1678 0.1634 0.1652 0.1355 0.2784
"TCGA.BR.8080.01A.11R.2343.13" 0.0405 0.0418 0.0422 0.1746 0.1909 0.1701 0.1727 0.1672
"TCGA.BR.8081.01A.11R.2343.13" 0.1654 0.1735 0.1714 0.0457 0.0451 0.0451 0.0917 0.2621
"TCGA.BR.8284.01A.11R.2343.13" 0.0689 0.0725 0.0718 0.212 0.2061 0.2053 0.0432 0.1202
"TCGA.BR.8286.01A.12R.2343.13" 0 0 0 0.1456 0.1392 0.1399 0.2946 0.2808
"TCGA.BR.8289.01A.11R.2343.13" 0 0 0 0.2636 0.2372 0.2297 0.1622 0.1071
"TCGA.BR.8291.01A.11R.2343.13" 0.0466 0.0471 0.0474 0.2029 0.1989 0.198 0.1202 0.1389
"TCGA.BR.8295.01A.11R.2343.13" 0 0 0 0.2661 0.2344 0.2524 0.0888 0.1584
"TCGA.BR.8296.01A.11R.2343.13" 0.205 0.2189 0.2107 0.1152 0.1106 0.1103 0.0293 0
"TCGA.BR.8297.01A.12R.2343.13" 0.0111 0.012 0.0121 0.2085 0.2133 0.2036 0.1648 0.1746
"TCGA.BR.8361.01A.11R.2343.13" 0 0 0 0.2845 0.2796 0.2798 0.0562 0.0999
"TCGA.BR.8362.01A.11R.2343.13" 0.0106 0.0109 0.0112 0.197 0.1895 0.1909 0.1934 0.1964
"TCGA.BR.8363.01A.11R.2343.13" 0.1601 0.169 0.1659 0.0453 0.0446 0.046 0.1094 0.2597
"TCGA.BR.8364.01A.11R.2343.13" 0.0222 0.0224 0.0225 0.1976 0.1999 0.1971 0.1683 0.17
"TCGA.BR.8365.01A.21R.2343.13" 0.0386 0.0421 0.0387 0.2061 0.2092 0.2028 0.1096 0.1527
"TCGA.BR.8366.01A.11R.2343.13" 0.1783 0.1947 0.1894 0.0527 0.0508 0.0504 0.0731 0.2107
"TCGA.BR.8367.01A.11R.2343.13" 0 0 0 0.2104 0.1837 0.1902 0.2508 0.1648
"TCGA.BR.8368.01A.11R.2343.13" 0.0503 0.0592 0.0577 0.0565 0.051 0.0483 0.2415 0.4356
"TCGA.BR.8369.01A.11R.2343.13" 0.019 0.0209 0.0213 0.223 0.1992 0.1959 0.1542 0.1667
"TCGA.BR.8371.01A.11R.2343.13" 0.0663 0.0717 0.0714 0.2252 0.2305 0.222 0.0436 0.0693
"TCGA.BR.8372.01A.11R.2343.13" 0.0309 0.0346 0.0367 0.2588 0.2526 0.268 0 0.1184
"TCGA.BR.8373.01A.11R.2343.13" 0.0374 0.0392 0.0386 0.0681 0.0674 0.0655 0.3397 0.3442
"TCGA.BR.8380.01A.11R.2343.13" 0 0 0 0.2497 0.2534 0.2463 0.2003 0.0503
"TCGA.BR.8381.01A.11R.2402.13" 0.1448 0.1592 0.1561 0.0907 0.0894 0.0892 0.1069 0.1638
"TCGA.BR.8382.01A.11R.2402.13" 0 0 0 0.0947 0.0939 0.0939 0.3711 0.3463
"TCGA.BR.8384.01A.21R.2402.13" 0.0492 0.0502 0.0505 0.1901 0.1927 0.1875 0.14 0.1397
"TCGA.BR.8483.01A.31R.2402.13" 0 0 0 0.2527 0.1642 0.153 0.1979 0.2321
"TCGA.BR.8484.01A.11R.2402.13" 0.122 0.1382 0.1455 0.1384 0.1401 0.136 0.0964 0.0832
"TCGA.BR.8485.01A.11R.2402.13" 0.0495 0.0529 0.0522 0.1937 0.1885 0.1851 0.1281 0.1499
"TCGA.BR.8486.01A.31R.2402.13" 0.0866 0.0912 0.0892 0.0749 0.0728 0.0721 0.1709 0.3423
"TCGA.BR.8487.01A.11R.2402.13" 0.0112 0.0126 0.0125 0.2005 0.195 0.1989 0.151 0.2184
"TCGA.BR.8588.01A.11R.2402.13" 0.0473 0.0488 0.0497 0.2053 0.2068 0.2021 0.1465 0.0935
"TCGA.BR.8589.01A.11R.2402.13" 0.1595 0.2009 0.1866 0.0384 0.0375 0.0376 0 0.3395
"TCGA.BR.8590.01A.11R.2402.13" 0.0741 0.0768 0.0764 0.1645 0.1602 0.1586 0.1768 0.1126
"TCGA.BR.8591.01A.11R.2402.13" 0.0444 0.0473 0.0473 0.0541 0.0524 0.0529 0.2469 0.4546
"TCGA.BR.8592.01A.11R.2402.13" 0.0745 0.0758 0.0762 0.1498 0.1523 0.1494 0.1411 0.1808
"TCGA.BR.8676.01A.11R.2402.13" 0.1141 0.1296 0.1218 0.0411 0.039 0.0433 0.1062 0.4049
"TCGA.BR.8677.01A.11R.2402.13" 0.0716 0.0728 0.0741 0.1908 0.1893 0.1898 0.0554 0.1561
"TCGA.BR.8678.01A.11R.2402.13" 0 0 0 0.1578 0.1507 0.1512 0.2045 0.3358
"TCGA.BR.8679.01A.11R.2402.13" 0 0 0 0.1622 0.1585 0.1569 0.2215 0.301
"TCGA.BR.8680.01A.11R.2402.13" 0 0 0 0.2173 0.2052 0.1807 0.1492 0.2477
"TCGA.BR.8682.01A.11R.2402.13" 0 0 0 0.1958 0.2044 0.1861 0.2546 0.1591
"TCGA.BR.8683.01A.11R.2402.13" 0 0 0 0.1747 0.171 0.1713 0.224 0.259
"TCGA.BR.8686.01A.11R.2402.13" 0.114 0.1286 0.1166 0.1795 0.1726 0.1718 0.0445 0.0723
"TCGA.BR.8687.01A.11R.2402.13" 0 0 0 0.2468 0.2257 0.2298 0.1929 0.1049
"TCGA.BR.8690.01A.11R.2402.13" 0.0417 0.0445 0.0435 0.1691 0.1656 0.1648 0.0569 0.3138
"TCGA.BR.A44T.01A.32R.A24K.31" 0.2456 0.2624 0.2422 0.0623 0.0631 0.0621 0 0.0623
"TCGA.BR.A44U.01A.11R.A36D.31" 0 0 0 0.2423 0.2181 0.2354 0.0779 0.2263
"TCGA.BR.A452.01A.91R.A251.31" 0.0247 0.0289 0.0269 0.1007 0.0911 0.0904 0.1244 0.5129
"TCGA.BR.A453.01A.11R.A24K.31" 0 0 0 0.246 0.2495 0.2447 0.1021 0.1577
"TCGA.BR.A4CR.01A.11R.A24K.31" 0 0 0 0.1684 0.1536 0.1681 0.2336 0.2762
"TCGA.BR.A4CS.01A.11R.A24K.31" 0 0 0 0.1634 0.1578 0.1563 0.1498 0.3727
"TCGA.BR.A4IU.01A.22R.A251.31" 0.0511 0.0504 0.0502 0.1761 0.1787 0.1757 0.2096 0.1082
"TCGA.BR.A4IV.01A.31R.A251.31" 0 0 0 0.1857 0.1868 0.1845 0.1955 0.2476
"TCGA.BR.A4IY.01A.11R.A251.31" 0.0582 0.0582 0.0582 0.11 0.11 0.11 0.24 0.2553
"TCGA.BR.A4IZ.01A.32R.A251.31" 0.0387 0.0387 0.0387 0.1652 0.1652 0.1652 0.1892 0.1991
"TCGA.BR.A4J1.01A.11R.A251.31" 0 0 0 0.2113 0.1907 0.1933 0.1331 0.2716
"TCGA.BR.A4J2.01A.21R.A251.31" 0.1223 0.1235 0.1244 0.1292 0.1268 0.1269 0.1339 0.1131
"TCGA.BR.A4J4.01A.12R.A251.31" 0.0637 0.0672 0.0672 0.0722 0.0712 0.0701 0.197 0.3914
"TCGA.BR.A4J5.01A.21R.A251.31" 0.0051 0.0052 0.0052 0.2107 0.2286 0.2078 0.2413 0.0961
"TCGA.BR.A4J6.01A.11R.A251.31" 0 0 0 0.2306 0.2203 0.2147 0.1732 0.1611
"TCGA.BR.A4J7.01A.31R.A251.31" 0.0308 0.0316 0.0317 0.203 0.2057 0.2026 0.0716 0.2229
"TCGA.BR.A4J8.01A.11R.A251.31" 0 0 0 0.2519 0.2471 0.2463 0.0996 0.1551
"TCGA.BR.A4J9.01A.12R.A251.31" 0.0319 0.0344 0.0344 0.1561 0.1596 0.1531 0.2503 0.1802
"TCGA.BR.A4PD.01A.11R.A251.31" 0.1489 0.1768 0.1618 0.0354 0.0363 0.0338 0.1245 0.2824
"TCGA.BR.A4PE.01A.31R.A251.31" 0.1365 0.1444 0.1448 0.0433 0.0427 0.0428 0.1243 0.3212
"TCGA.BR.A4PF.01A.11R.A251.31" 0.1179 0.132 0.1378 0 0 0 0.2269 0.3853
"TCGA.BR.A4QI.01A.12R.A251.31" 0.0274 0.0296 0.0281 0.1691 0.1653 0.1449 0.1116 0.324
"TCGA.BR.A4QL.01A.31R.A251.31" 0 0 0 0.1382 0.1321 0.1428 0.1866 0.4003
"TCGA.BR.A4QM.01A.12R.A251.31" 0.1995 0.1987 0.1923 0.0857 0.082 0.0871 0.0523 0.1022
"TCGA.CD.5798.01A.11R.1602.13" 0 0 0 0.1741 0.1547 0.1721 0.1508 0.3482
"TCGA.CD.5799.01A.11R.1602.13" 0 0 0 0.25 0.2454 0.2477 0.1849 0.072
"TCGA.CD.5800.01A.11R.1602.13" 0.0603 0.0745 0.0689 0.0672 0.0711 0.0631 0.1178 0.4771
"TCGA.CD.5801.01A.11R.1602.13" 0.1188 0.1331 0.1369 0.129 0.1257 0.126 0 0.2305
"TCGA.CD.5803.01A.11R.1602.13" 0.1402 0.1446 0.144 0.1433 0.1407 0.139 0.0144 0.1337
"TCGA.CD.5804.01A.12R.2055.13" 6e-04 7e-04 7e-04 0.1809 0.1755 0.1754 0.2736 0.1927
"TCGA.CD.5813.01A.11R.1602.13" 0.1074 0.1092 0.1089 0.1414 0.1403 0.1405 0.0734 0.1789
"TCGA.CD.8524.01A.11R.2343.13" 0 0 0 0.1728 0.1668 0.1665 0.2035 0.2905
"TCGA.CD.8525.01A.11R.2343.13" 0.0597 0.0637 0.0648 0.1624 0.1501 0.1596 0.1205 0.2193
"TCGA.CD.8526.01A.11R.2343.13" 0.0036 0.0039 0.0037 0.2097 0.1882 0.189 0.1653 0.2367
"TCGA.CD.8527.01A.11R.2343.13" 0 0 0 0.2616 0.2368 0.2529 0.1148 0.134
"TCGA.CD.8528.01A.11R.2343.13" 0 0 0 0.0887 0.0605 0.0858 0.3358 0.4292
"TCGA.CD.8529.01A.11R.2343.13" 0.172 0.1799 0.1775 0.0675 0.066 0.0655 0.1004 0.1711
"TCGA.CD.8530.01A.11R.2343.13" 0 0 0 0.1874 0.1803 0.1793 0.167 0.286
"TCGA.CD.8531.01A.11R.2343.13" 0.2615 0.2781 0.2676 0 0 0 0 0.1927
"TCGA.CD.8532.01A.11R.2343.13" 0.119 0.1254 0.1277 0.1743 0.1692 0.1684 0.0266 0.0894
"TCGA.CD.8533.01A.11R.2343.13" 0 0 0 0.1749 0.1582 0.1803 0.1563 0.3303
"TCGA.CD.8534.01A.11R.2343.13" 0.0772 0.0887 0.0852 0.0666 0.0689 0.0606 0.2608 0.292
"TCGA.CD.8535.01A.11R.2343.13" 0 0 0 0.0444 0.0426 0.0433 0.3827 0.487
"TCGA.CD.8536.01A.11R.2343.13" 0 0 0 0.2784 0.2747 0.2774 0.0721 0.0974
"TCGA.CD.A486.01A.11R.A24K.31" 0.0677 0.071 0.0712 0.0711 0.0714 0.0703 0.2045 0.3727
"TCGA.CD.A487.01A.21R.A24K.31" 0 0 0 0.2829 0.2524 0.2755 0.1311 0.0581
"TCGA.CD.A489.01A.11R.A24K.31" 0 0 0 0.214 0.2181 0.2108 0.1568 0.2003
"TCGA.CD.A48A.01A.12R.A36D.31" 0 0 0 0.2193 0.2292 0.2146 0.1811 0.1558
"TCGA.CD.A48C.01A.11R.A24K.31" 0 0 0 0.2335 0.2289 0.2299 0.0866 0.2211
"TCGA.CD.A4MG.01A.11R.A251.31" 0.0465 0.0469 0.0473 0.1365 0.1357 0.136 0.2929 0.158
"TCGA.CD.A4MH.01A.11R.A251.31" 0 0 0 0.1381 0.1415 0.1262 0.344 0.2502
"TCGA.CD.A4MI.01A.21R.A251.31" 0.0454 0.045 0.0449 0.166 0.1674 0.1652 0.1167 0.2493
"TCGA.CD.A4MJ.01A.11R.A251.31" 0 0 0 0.2517 0.2505 0.2462 0.1724 0.0792
"TCGA.CG.4301.01A.01R.1157.13" 0 0 0 0.2039 0.2102 0.1987 0.2387 0.1484
"TCGA.CG.4304.01A.01R.1157.13" 0.148 0.1536 0.1562 0.0151 0.0149 0.0148 0.4128 0.0847
"TCGA.CG.4305.01A.01R.1157.13" 0.1349 0.1418 0.1387 0.1118 0.1089 0.1128 0.1174 0.1339
"TCGA.CG.4306.01A.01R.1157.13" 0 0 0 0.2572 0.2492 0.2529 0.1909 0.0498
"TCGA.CG.4436.01A.01R.1157.13" 0.1407 0.1598 0.1779 0.0485 0.046 0.05 0.131 0.2461
"TCGA.CG.4437.01A.01R.1802.13" 0.0306 0.0315 0.0318 0.1924 0.1912 0.1893 0.0759 0.2573
"TCGA.CG.4438.01A.01R.1157.13" 0.0308 0.0342 0.0367 0.0721 0.0692 0.0637 0.2164 0.4769
"TCGA.CG.4440.01A.01R.1157.13" 0 0 0 0.1894 0.1715 0.1683 0.1562 0.3146
"TCGA.CG.4441.01A.01R.1802.13" 0 0 0 0.1565 0.155 0.154 0.15 0.3845
"TCGA.CG.4442.01A.01R.1157.13" 4e-04 4e-04 4e-04 0.0863 0.0847 0.0883 0.3471 0.3924
"TCGA.CG.4443.01A.01R.1157.13" 0 0 0 0.1706 0.1517 0.1593 0.2834 0.2349
"TCGA.CG.4444.01A.01R.1157.13" 0.0924 0.09 0.0868 0.0967 0.0896 0.0982 0.2875 0.1588
"TCGA.CG.4449.01A.01R.1157.13" 0 0 0 0.2557 0.2533 0.2535 0.1478 0.0897
"TCGA.CG.4460.01A.01R.1157.13" 0.064 0.0713 0.077 0.1424 0.136 0.1608 0.1016 0.2469
"TCGA.CG.4462.01A.01R.1157.13" 0 0 0 0.1793 0.1966 0.1779 0.3524 0.0938
"TCGA.CG.4465.01A.01R.1157.13" 0 0 0 0.1361 0.1381 0.1338 0.2467 0.3454
"TCGA.CG.4466.01A.01R.1157.13" 0 0 0 0.2333 0.2383 0.2094 0.1501 0.1689
"TCGA.CG.4469.01A.01R.1157.13" 0 0 0 0.1517 0.1436 0.1463 0.2646 0.2938
"TCGA.CG.4472.01A.01R.1157.13" 0.072 0.0735 0.0775 0.1715 0.1669 0.1659 0.1262 0.1465
"TCGA.CG.4474.01A.02R.1157.13" 0.0745 0.0786 0.0768 0.1129 0.1142 0.1107 0.2194 0.213
"TCGA.CG.4475.01A.01R.1157.13" 0 0 0 0.2245 0.2264 0.2179 0.1388 0.1925
"TCGA.CG.4476.01A.01R.1157.13" 0.0893 0.0907 0.0916 0.118 0.1153 0.1157 0.1643 0.215
"TCGA.CG.4477.01A.01R.1157.13" 0.2104 0.2052 0.1993 0.045 0.0439 0.044 0.1639 0.0883
"TCGA.CG.5716.01A.21R.1802.13" 0.2406 0.2596 0.2479 0.0173 0.016 0.0142 0.069 0.1353
"TCGA.CG.5717.01A.11R.1602.13" 0.2052 0.2449 0.2328 0.0454 0.0454 0.0439 0.0466 0.1358
"TCGA.CG.5718.01A.11R.1602.13" 0.0718 0.0834 0.0784 0.0214 0.0193 0.0215 0.2322 0.4719
"TCGA.CG.5719.01A.11R.1602.13" 0 0 0 0.2402 0.2397 0.2428 0.1854 0.0918
"TCGA.CG.5720.11A.01R.1602.13" 0.1876 0.2147 0.1964 0 0 0 0.0472 0.354
"TCGA.CG.5720.01A.11R.1602.13" 0.1637 0.1714 0.1748 0.0812 0.068 0.072 0.0919 0.1771
"TCGA.CG.5721.11A.01R.1602.13" 0.1523 0.1652 0.1591 0.0902 0.1023 0.0874 0 0.2436
"TCGA.CG.5721.01A.11R.1602.13" 0.1662 0.1796 0.1711 0.0219 0.0213 0.0212 0 0.4187
"TCGA.CG.5722.11A.02R.1602.13" 0.0436 0.0443 0.0452 0.2173 0.2126 0.2105 0.065 0.1615
"TCGA.CG.5722.01A.21R.1602.13" 0.185 0.203 0.2214 0.0979 0.096 0.0997 0 0.097
"TCGA.CG.5723.01A.11R.1602.13" 0.1083 0.127 0.1309 0.0813 0.08 0.0801 0.0493 0.3431
"TCGA.CG.5724.01A.11R.1602.13" 0 0 0 0.1218 0.1181 0.1194 0.2448 0.3959
"TCGA.CG.5725.01A.11R.1602.13" 0 0 0 0.2402 0.2141 0.2238 0.1657 0.1562
"TCGA.CG.5726.01A.11R.1602.13" 0.0648 0.072 0.0762 0.1032 0.0965 0.1075 0.0625 0.4173
"TCGA.CG.5728.11A.01R.1602.13" 0.2416 0.2517 0.2451 0.0458 0.0454 0.045 0 0.1254
"TCGA.CG.5730.11A.01R.1602.13" 0.0616 0.0595 0.0606 0.0801 0.0813 0.0851 0.1287 0.443
"TCGA.CG.5732.01A.11R.1602.13" 0.1699 0.1963 0.1734 0.1095 0.1041 0.1036 0.0018 0.1413
"TCGA.CG.5733.11A.01R.1602.13" 0.1429 0.1524 0.1482 0.1139 0.1104 0.1115 0 0.2205
"TCGA.CG.5734.11A.01R.1602.13" 0.0619 0.0767 0.0703 0.079 0.0752 0.0836 0.1368 0.4164
"TCGA.CG.5734.01A.11R.1602.13" 0.1946 0.1983 0.1933 0.0538 0.0516 0.0515 0 0.2569
"TCGA.D7.5577.01A.01R.1602.13" 0.05 0.0619 0.0589 0.1473 0.1431 0.1429 0.0281 0.3677
"TCGA.D7.5578.01A.01R.1602.13" 0.0869 0.0898 0.0919 0.0815 0.0785 0.08 0.0672 0.4243
"TCGA.D7.6518.01A.11R.1802.13" 0 0 0 0.2288 0.2271 0.2251 0.0849 0.2341
"TCGA.D7.6519.01A.11R.1802.13" 0.0066 0.0078 0.0071 0.1933 0.2004 0.1819 0.0563 0.3466
"TCGA.D7.6520.01A.11R.1802.13" 0 0 0 0.237 0.2157 0.2254 0.2203 0.1016
"TCGA.D7.6521.01A.11R.1802.13" 0.1111 0.1146 0.1167 0.1326 0.1296 0.1308 0.1434 0.1213
"TCGA.D7.6522.01A.11R.1802.13" 0.205 0.2114 0.2108 0.0976 0.096 0.096 0 0.0832
"TCGA.D7.6524.01A.11R.1802.13" 0.0485 0.0489 0.0493 0.124 0.1353 0.1229 0.1916 0.2795
"TCGA.D7.6525.01A.11R.1802.13" 0 0 0 0.2833 0.2761 0.2729 0.1215 0.0461
"TCGA.D7.6526.01A.11R.1802.13" 0.0286 0.0323 0.0354 0.2056 0.1847 0.1722 0.1092 0.232
"TCGA.D7.6527.01A.11R.1802.13" 0.0315 0.0357 0.0355 0.1354 0.1337 0.1454 0.1624 0.3203
"TCGA.D7.6528.01A.11R.1802.13" 0 0 0 0.2779 0.2733 0.2482 0.1292 0.0714
"TCGA.D7.6815.01A.11R.1884.13" 0 0 0 0.1874 0.2013 0.1742 0.1673 0.2698
"TCGA.D7.6817.01A.11R.1884.13" 0.2546 0.2686 0.2581 0.0158 0.0169 0.0156 0.0565 0.114
"TCGA.D7.6818.01A.11R.1884.13" 0.0081 0.0083 0.0082 0.102 0.1011 0.1011 0.2612 0.4101
"TCGA.D7.6820.01A.11R.1884.13" 0.0653 0.0793 0.0696 0.0946 0.0999 0.0825 0.0858 0.4229
"TCGA.D7.6822.01A.11R.1884.13" 0 0 0 0.0661 0.0609 0.0598 0.2787 0.5346
"TCGA.D7.8570.01A.11R.2343.13" 0.1751 0.1816 0.1794 0.0301 0.0297 0.0297 0.0723 0.3021
"TCGA.D7.8572.01A.11R.2343.13" 0.0369 0.038 0.0377 0.0488 0.0485 0.0485 0.3034 0.4382
"TCGA.D7.8573.01A.11R.2343.13" 0.0611 0.0729 0.0683 0.0709 0.067 0.0648 0.1445 0.4505
"TCGA.D7.8574.01A.13R.2343.13" 0.194 0.1986 0.1978 0.1081 0.1071 0.1069 0.0252 0.0622
"TCGA.D7.8575.01A.11R.2343.13" 0.1924 0.1967 0.1933 0.0239 0.0208 0.022 0.2115 0.1395
"TCGA.D7.8576.01A.11R.2343.13" 0 0 0 0.0944 0.0997 0.0889 0.2963 0.4206
"TCGA.D7.8578.01A.21R.2343.13" 0 0 0 0.1763 0.1781 0.176 0.2041 0.2655
"TCGA.D7.8579.01A.11R.2343.13" 0.0178 0.0183 0.0184 0.1383 0.1348 0.1328 0.2941 0.2454
"TCGA.D7.A4YT.01A.11R.A251.31" 0 0 0 0.1638 0.1693 0.1526 0.1412 0.3731
"TCGA.D7.A4YU.01A.21R.A251.31" 0.1455 0.1539 0.1509 0.0885 0.0861 0.0857 0.1302 0.1593
"TCGA.D7.A4YV.01A.11R.A251.31" 0.0708 0.0761 0.0739 0.1971 0.193 0.1896 0.0899 0.1097
"TCGA.D7.A4YX.01A.11R.A251.31" 0.0282 0.0349 0.0338 0.1276 0.1235 0.1235 0.2171 0.3114
"TCGA.D7.A4YY.01A.11R.A251.31" 0 0 0 0.1357 0.1344 0.1344 0.1525 0.4429
"TCGA.D7.A4Z0.01A.22R.A251.31" 0.1247 0.1298 0.1274 0.1565 0.1378 0.1372 0.1707 0.0157
"TCGA.D7.A6EV.01A.11R.A31P.31" 0 0 0 0.2437 0.2489 0.2326 0.1652 0.1096
"TCGA.D7.A6EX.01A.11R.A31P.31" 0 0 0 0.2999 0.2823 0.2867 0.0426 0.0885
"TCGA.D7.A6EY.01A.21R.A31P.31" 0.2136 0.2215 0.2184 0.0488 0.0475 0.047 0.0726 0.1306
"TCGA.D7.A6EZ.01A.11R.A31P.31" 0.0722 0.0779 0.0795 0.1178 0.1161 0.1163 0.0402 0.3801
"TCGA.D7.A6F0.01A.11R.A31P.31" 0.0657 0.0822 0.0773 0 0 0 0.2256 0.5491
"TCGA.D7.A6F2.01A.12R.A31P.31" 0.1169 0.1357 0.122 0.0896 0.0938 0.0865 0.1255 0.23
"TCGA.D7.A747.01A.22R.A33Y.31" 0.0412 0.0445 0.0444 0.167 0.1701 0.1664 0.177 0.1894
"TCGA.D7.A748.01A.12R.A32D.31" 0.0262 0.0262 0.0262 0.146 0.1454 0.1453 0.2854 0.1994
"TCGA.D7.A74A.01A.11R.A32D.31" 0.0544 0.0648 0.0693 0.0987 0.0874 0.0903 0.057 0.4781
"TCGA.EQ.8122.01A.11R.2343.13" 0 0 0 0.2003 0.2067 0.1769 0.1558 0.2603
"TCGA.EQ.A4SO.01A.11R.A251.31" 0.0174 0.0207 0.0191 0.187 0.1796 0.1891 0.0899 0.2972
"TCGA.F1.6177.01A.11R.1802.13" 0.002 0.0021 0.0022 0.296 0.284 0.2804 0.0445 0.0887
"TCGA.F1.6874.01A.11R.1884.13" 0.1212 0.1278 0.1253 0.0619 0.0606 0.061 0.1701 0.2721
"TCGA.F1.6875.01A.11R.2055.13" 0 0 0 0.2045 0.1864 0.1808 0.1514 0.277
"TCGA.F1.A448.01A.11R.A24K.31" 0.109 0.1127 0.1151 0.1186 0.1227 0.1136 0.1874 0.1209
"TCGA.F1.A72C.01A.21R.A33Y.31" 0.0058 0.0059 0.0063 0.2379 0.2398 0.2345 0.1591 0.1107
"TCGA.FP.7735.11A.01R.2055.13" 0.0164 0.0163 0.0162 0.2099 0.2128 0.2087 0.0926 0.2271
"TCGA.FP.7735.01A.11R.2055.13" 0.1414 0.167 0.1586 0.0296 0.0272 0.0319 0.1366 0.3077
"TCGA.FP.7829.11A.01R.2055.13" 0.0252 0.0254 0.0255 0.1999 0.2041 0.1983 0.0977 0.2238
"TCGA.FP.7829.01A.11R.2055.13" 0 0 0 0.1751 0.1723 0.1728 0.1654 0.3144
"TCGA.FP.7916.01A.11R.2203.13" 0.1351 0.1436 0.1407 0.1054 0.103 0.1026 0.1255 0.1441
"TCGA.FP.7998.01A.11R.2203.13" 0.1828 0.192 0.1887 0.0556 0.0547 0.0543 0.0705 0.2014
"TCGA.FP.8099.01A.11R.2343.13" 0 0 0 0.1309 0.1295 0.1292 0.3031 0.3073
"TCGA.FP.8209.01A.11R.2343.13" 0.1599 0.1586 0.1575 0.1535 0.156 0.1531 0.036 0.0255
"TCGA.FP.8210.01A.11R.2343.13" 0.111 0.113 0.1123 0.1521 0.1528 0.1498 0.1153 0.0936
"TCGA.FP.8211.01A.11R.2343.13" 0.08 0.0993 0.0922 0.1323 0.1258 0.1325 0.1311 0.2069
"TCGA.FP.8631.01A.11R.2402.13" 0 0 0 0.2522 0.244 0.2381 0.2103 0.0553
"TCGA.FP.A4BE.01A.12R.A24K.31" 0.1261 0.1495 0.1433 0.0649 0.0636 0.0635 0.0407 0.3484
"TCGA.FP.A4BF.01A.12R.A36D.31" 0.0544 0.0554 0.0552 0.1817 0.1801 0.1802 0.061 0.232
"TCGA.FP.A8CX.01A.11R.A36D.31" 0.1013 0.1226 0.1237 0.0691 0.0622 0.0621 0.1624 0.2965
"TCGA.FP.A9TM.01A.11R.A39E.31" 0.2897 0.326 0.3202 0 0 0 0.064 0
"TCGA.HF.7131.01A.11R.2055.13" 0.095 0.105 0.1083 0.1031 0.1058 0.1117 0.1275 0.2436
"TCGA.HF.7132.01A.11R.2055.13" 0.1627 0.1719 0.1691 0.0822 0.0796 0.0796 0.0777 0.1773
"TCGA.HF.7133.01A.11R.2055.13" 0.1601 0.1765 0.1819 0.0404 0.0388 0.0446 0.1037 0.254
"TCGA.HF.7134.01A.11R.2055.13" 0.088 0.1065 0.0997 0.0853 0.0834 0.0756 0.1225 0.339
"TCGA.HF.7136.01A.11R.2055.13" 0.0194 0.0206 0.0203 0.2264 0.2238 0.2214 0.0885 0.1795
"TCGA.HF.A5NB.01A.11R.A31P.31" 0.066 0.0746 0.0746 0.1063 0.1081 0.1166 0.0274 0.4263
"TCGA.HJ.7597.01A.21R.2203.13" 0 0 0 0.2892 0.2611 0.2573 0.0474 0.145
"TCGA.HU.8238.11A.01R.2343.13" 0.0957 0.0854 0.0875 0.0598 0.0529 0.057 0.1226 0.4393
"TCGA.HU.8238.01A.11R.2343.13" 0.0406 0.0462 0.0431 0.2296 0.2023 0.1925 0.0867 0.1591
"TCGA.HU.8243.01A.11R.2343.13" 0 0 0 0.1612 0.1543 0.1573 0.2755 0.2517
"TCGA.HU.8244.01A.11R.2343.13" 0.0539 0.0611 0.0619 0.0831 0.0739 0.0778 0.2192 0.3691
"TCGA.HU.8249.01A.11R.A36D.31" 0.0237 0.0279 0.0263 0.1972 0.178 0.1894 0.0315 0.3259
"TCGA.HU.8602.01A.11R.2402.13" 0.1026 0.109 0.1078 0.0089 0.0085 0.0083 0.2129 0.442
"TCGA.HU.8604.01A.11R.2402.13" 0.0933 0.0981 0.0955 0.137 0.1339 0.1342 0.0585 0.2496
"TCGA.HU.8608.01A.11R.2402.13" 0.231 0.2661 0.2554 0 0 0 0.1366 0.111
"TCGA.HU.8610.01A.22R.2402.13" 0.0373 0.0458 0.0436 0.16 0.1557 0.1546 0.2717 0.1313
"TCGA.HU.A4G2.01A.11R.A251.31" 0.0453 0.0534 0.0518 0.1156 0.1108 0.1159 0.1483 0.3588
"TCGA.HU.A4G3.11A.11R.A24K.31" 0.0181 0.0196 0.0195 0.1848 0.1883 0.1835 0.1124 0.2739
"TCGA.HU.A4G3.01A.11R.A24K.31" 0 0 0 0.2538 0.2367 0.2586 0.1418 0.1091
"TCGA.HU.A4G6.01A.11R.A24K.31" 0 0 0 0 0 0 0.5576 0.4424
"TCGA.HU.A4G8.01A.11R.A251.31" 0.0474 0.053 0.0506 0.1047 0.1033 0.0993 0.2039 0.3377
"TCGA.HU.A4G9.01A.11R.A24K.31" 0.0386 0.0492 0.0459 0.1508 0.1209 0.1167 0.1595 0.3185
"TCGA.HU.A4GC.11A.11R.A251.31" 0 0 0 0.23 0.2358 0.2279 0.0735 0.2327
"TCGA.HU.A4GC.01A.12R.A251.31" 0.0133 0.0163 0.0156 0.1601 0.1626 0.148 0.2376 0.2464
"TCGA.HU.A4GD.01A.11R.A36D.31" 0 0 0 0.2647 0.2332 0.2363 0.0952 0.1706
"TCGA.HU.A4GF.01A.11R.A24K.31" 0.024 0.0283 0.0254 0.0571 0.0515 0.0521 0.4633 0.2981
"TCGA.HU.A4GH.11A.11R.A36D.31" 0 0 0 0.2258 0.2326 0.2258 0.144 0.1717
"TCGA.HU.A4GH.01A.11R.A24K.31" 0.0037 0.0043 0.0038 0.0423 0.0374 0.0345 0.6216 0.2524
"TCGA.HU.A4GJ.01A.11R.A251.31" 0.3537 0.3194 0.2989 0.0093 0.0091 0.0096 0 0
"TCGA.HU.A4GN.11A.12R.A251.31" 0 0 0 0.1705 0.1751 0.1688 0.1391 0.3464
"TCGA.HU.A4GN.01A.11R.A251.31" 0 0 0 0.1781 0.1654 0.1763 0.2711 0.209
"TCGA.HU.A4GP.11A.21R.A251.31" 0 0 0 0.25 0.2555 0.2479 0.0584 0.1881
"TCGA.HU.A4GP.01A.11R.A251.31" 0 0 0 0.1648 0.1559 0.1512 0.2874 0.2408
"TCGA.HU.A4GQ.01A.11R.A36D.31" 0 0 0 0.281 0.2732 0.2709 0.071 0.104
"TCGA.HU.A4GT.01A.21R.A251.31" 0 0 0 0.2253 0.2362 0.2113 0.2121 0.1151
"TCGA.HU.A4GU.01A.11R.A251.31" 0 0 0 0.2448 0.2373 0.232 0.2153 0.0706
"TCGA.HU.A4GX.01A.12R.A251.31" 0.0116 0.0136 0.0136 0.2544 0.2481 0.2677 0.0274 0.1635
"TCGA.HU.A4GY.11A.11R.A36D.31" 0 0 0 0.2009 0.2057 0.199 0.1494 0.245
"TCGA.HU.A4GY.01A.21R.A24K.31" 0.2388 0.2415 0.2399 0.0696 0.0691 0.0705 0.0469 0.0238
"TCGA.HU.A4H0.01A.11R.A251.31" 0.1704 0.2078 0.1997 0.0597 0.0576 0.0574 0 0.2473
"TCGA.HU.A4H2.01A.11R.A251.31" 0.0353 0.0392 0.0409 0.1524 0.1485 0.136 0.1543 0.2933
"TCGA.HU.A4H3.01A.21R.A251.31" 0 0 0 0.1664 0.1573 0.1483 0.2508 0.2772
"TCGA.HU.A4H4.01A.21R.A251.31" 0.0759 0.0922 0.0845 0.073 0.0707 0.0706 0.1218 0.4114
"TCGA.HU.A4H5.01A.21R.A251.31" 0.0386 0.0472 0.0426 0.0889 0.0821 0.0925 0.2465 0.3616
"TCGA.HU.A4H6.01A.11R.A251.31" 0.1734 0.2025 0.1926 0.0685 0.0595 0.0611 0.1215 0.1208
"TCGA.HU.A4H8.01A.11R.A251.31" 0 0 0 0.1416 0.1373 0.1434 0.2646 0.3131
"TCGA.HU.A4HB.11A.11R.A251.31" 0 0 0 0.2014 0.206 0.1996 0.1569 0.236
"TCGA.HU.A4HB.01A.12R.A251.31" 0.3665 0.3164 0.303 0 0 0 0 0.014
"TCGA.HU.A4HD.01A.11R.A251.31" 0 0 0 0.1818 0.1811 0.1578 0.1753 0.304
"TCGA.IN.7806.11A.01R.2055.13" 0.0521 0.0603 0.0532 0.0724 0.0607 0.0634 0.2429 0.3949
"TCGA.IN.7806.01A.11R.2055.13" 0 0 0 0.1739 0.1598 0.2014 0.2419 0.2231
"TCGA.IN.7808.01A.11R.2203.13" 0.3558 0.2897 0.2761 0.026 0.0256 0.0268 0 0
"TCGA.IN.8462.11A.01R.2343.13" 0.0553 0.066 0.059 0.0652 0.0634 0.0613 0.1773 0.4524
"TCGA.IN.8462.01A.11R.2343.13" 0 0 0 0.1476 0.1547 0.1435 0.2114 0.3428
"TCGA.IN.8663.11A.01R.2402.13" 0.0385 0.0443 0.0401 0.0568 0.054 0.0617 0.3372 0.3674
"TCGA.IN.8663.01A.11R.2402.13" 0 0 0 0.076 0.0773 0.0709 0.4567 0.3191
"TCGA.IN.A6RI.01A.11R.A32D.31" 0.0531 0.0652 0.0604 0.1061 0.0965 0.0937 0.0493 0.4757
"TCGA.IN.A6RJ.01A.21R.A33Y.31" 0.0853 0.1053 0.0939 0.0475 0.0464 0.0444 0.1275 0.4497
"TCGA.IN.A6RL.01A.11R.A32D.31" 0.0344 0.0417 0.0421 0.1519 0.1411 0.1593 0.1912 0.2384
"TCGA.IN.A6RN.01A.12R.A33Y.31" 0.0687 0.0705 0.068 0.0789 0.0689 0.0669 0.2042 0.3738
"TCGA.IN.A6RO.01A.12R.A33Y.31" 0 0 0 0.0796 0.0785 0.067 0.3136 0.4613
"TCGA.IN.A6RR.01A.12R.A32D.31" 0 0 0 0.2595 0.2367 0.2227 0.1757 0.1054
"TCGA.IN.A6RS.01A.12R.A354.31" 0.0697 0.0838 0.0866 0.1358 0.1275 0.1276 0.0712 0.2977
"TCGA.IN.A7NR.01A.11R.A354.31" 0.2024 0.2335 0.209 0.0166 0.0149 0.016 0.1313 0.1764
"TCGA.IN.A7NT.01A.21R.A354.31" 0 0 0 0.076 0.0722 0.0749 0.1711 0.6059
"TCGA.IN.A7NU.01A.22R.A354.31" 0.0706 0.0756 0.0775 0.1003 0.0967 0.0997 0.1419 0.3376
"TCGA.IN.AB1V.11A.11R.A414.31" 0.0401 0.0451 0.049 0.0641 0.0648 0.0617 0.3036 0.3716
"TCGA.IN.AB1V.01A.21R.A414.31" 0.0278 0.0321 0.0286 0.0386 0.039 0.0374 0.5781 0.2184
"TCGA.IN.AB1X.11A.21R.A39E.31" 0.0413 0.0477 0.0422 0.0622 0.0588 0.0615 0.331 0.3553
"TCGA.IN.AB1X.01A.11R.A39E.31" 0.1052 0.1218 0.1342 0.1272 0.1412 0.1191 0.1197 0.1316
"TCGA.IP.7968.11A.01R.2203.13" 0.049 0.0576 0.0553 0.082 0.0831 0.0794 0.2571 0.3366
"TCGA.IP.7968.01A.11R.2203.13" 0 0 0 0.227 0.221 0.2203 0.1027 0.2291
"TCGA.KB.A6F7.01A.12R.A32D.31" 0.0825 0.1025 0.0982 0.1756 0.1561 0.1559 0 0.2292
"TCGA.KB.A93G.01A.11R.A39E.31" 0.0337 0.034 0.0342 0.1575 0.1575 0.1575 0.2308 0.1949
"TCGA.KB.A93H.01A.11R.A39E.31" 0.0173 0.0202 0.0178 0.167 0.175 0.1517 0.0682 0.3829
"TCGA.KB.A93J.01A.11R.A39E.31" 0.1511 0.1872 0.1951 0 0 0 0.158 0.3086
"TCGA.MX.A5UG.01A.21R.A31P.31" 0.1187 0.1199 0.1202 0.1514 0.1498 0.1496 0.1328 0.0574
"TCGA.MX.A5UJ.01A.11R.A31P.31" 0 0 0 0.2498 0.2443 0.2519 0.1857 0.0684
"TCGA.MX.A663.01A.11R.A31P.31" 0 0 0 0.2682 0.2715 0.2675 0.1506 0.0423
"TCGA.MX.A666.01A.11R.A31P.31" 0.2422 0.2914 0.2789 0 0 0 0.1875 0
"TCGA.R5.A7O7.01A.11R.A33Y.31" 0.023 0.029 0.0266 0.1584 0.1471 0.165 0.2059 0.245
"TCGA.R5.A7ZE.01B.11R.A354.31" 0 0 0 0.0766 0.079 0.0654 0.1646 0.6143
"TCGA.R5.A7ZF.01A.11R.A354.31" 0.0078 0.0096 0.0089 0.0916 0.0825 0.0874 0.1401 0.572
"TCGA.R5.A7ZI.01A.11R.A354.31" 0.1846 0.222 0.2351 0.0388 0.0378 0.0379 0 0.2438
"TCGA.R5.A7ZR.01A.11R.A354.31" 0.0583 0.0688 0.0753 0.0718 0.0671 0.0641 0.1918 0.4028
"TCGA.R5.A805.01A.11R.A36D.31" 0.1703 0.1773 0.181 0 0 0 0.3319 0.1396
"TCGA.RD.A7BS.01A.11R.A32D.31" 0.1169 0.1247 0.1207 0.0754 0.0701 0.0707 0.1914 0.2301
"TCGA.RD.A7BT.01A.11R.A33Y.31" 0.0476 0.06 0.0538 0.1517 0.1335 0.1427 0.1105 0.3002
"TCGA.RD.A7BW.01A.11R.A32D.31" 0.0449 0.0489 0.0456 0.2463 0.2489 0.244 0.0267 0.0946
"TCGA.RD.A7C1.01A.11R.A32D.31" 0.0851 0.0798 0.0798 0.097 0.0946 0.0847 0.0863 0.3927
"TCGA.RD.A8MV.01A.11R.A36D.31" 0.2111 0.2272 0.218 0.0557 0.0534 0.053 0.1313 0.0502
"TCGA.RD.A8MW.01A.11R.A36D.31" 0.1337 0.1387 0.137 0.0092 0.0082 0.0091 0.2108 0.3532
"TCGA.RD.A8N0.01A.12R.A36D.31" 0.2577 0.2505 0.2487 0.0564 0.0553 0.0557 0.0758 0
"TCGA.RD.A8N1.01A.12R.A36D.31" 0.2235 0.2333 0.2292 0.094 0.0918 0.0913 0.037 0
"TCGA.RD.A8N2.01A.12R.A36D.31" 0 0 0 0.1528 0.157 0.1492 0.2723 0.2687
"TCGA.RD.A8N4.01A.21R.A36D.31" 0.0239 0.0257 0.0257 0.2436 0.2484 0.2418 0.1154 0.0755
"TCGA.RD.A8N5.01A.12R.A36D.31" 0.0777 0.0784 0.0792 0.147 0.1476 0.1461 0.1532 0.1707
"TCGA.RD.A8N6.01A.11R.A36D.31" 0 0 0 0.2547 0.2713 0.2401 0.1168 0.117
"TCGA.RD.A8N9.01A.12R.A39E.31" 0.0074 0.0075 0.0075 0.1985 0.1963 0.1946 0.2064 0.1819
"TCGA.RD.A8NB.01A.12R.A39E.31" 0.1145 0.121 0.1195 0.1173 0.1186 0.1145 0.1083 0.1864
"TCGA.SW.A7EA.01A.12R.A354.31" 0.0306 0.0303 0.0308 0.1126 0.1113 0.1114 0.1108 0.4623
"TCGA.SW.A7EB.01A.11R.A354.31" 0.1737 0.1953 0.184 0.0255 0.0233 0.0218 0.1833 0.1931
"TCGA.VQ.A8DT.01A.11R.A36D.31" 0 0 0 0.2366 0.216 0.2111 0.2858 0.0506
"TCGA.VQ.A8DU.01A.11R.A36D.31" 0 0 0 0.1752 0.1708 0.1763 0.2072 0.2706
"TCGA.VQ.A8DV.01A.12R.A36D.31" 0 0 0 0.0632 0.0572 0.0627 0.3204 0.4966
"TCGA.VQ.A8DZ.01A.11R.A36D.31" 0 0 0 0.1805 0.1662 0.156 0.1433 0.354
"TCGA.VQ.A8E0.01A.11R.A414.31" 0.0642 0.0708 0.0783 0.0609 0.0629 0.0598 0.2244 0.3788
"TCGA.VQ.A8E2.01A.11R.A36D.31" 0 0 0 0.1386 0.135 0.133 0.274 0.3194
"TCGA.VQ.A8E3.01A.11R.A39E.31" 0.0479 0.0516 0.0516 0.1348 0.131 0.1314 0.0774 0.3743
"TCGA.VQ.A8E7.01B.11R.A414.31" 0 0 0 0.2993 0.2962 0.2919 0.085 0.0275
"TCGA.VQ.A8P2.01A.11R.A36D.31" 0 0 0 0.1846 0.1679 0.1666 0.1585 0.3225
"TCGA.VQ.A8P3.01A.11R.A36D.31" 0 0 0 0.2736 0.2645 0.2635 0.0927 0.1057
"TCGA.VQ.A8P5.01A.11R.A39E.31" 0 0 0 0.2813 0.275 0.275 0.1249 0.0437
"TCGA.VQ.A8P8.01A.11R.A39E.31" 0.0984 0.1022 0.101 0.0095 0.0098 0.009 0.5368 0.1333
"TCGA.VQ.A8PB.01A.11R.A39E.31" 0 0 0 0.2674 0.2617 0.2614 0.1605 0.0492
"TCGA.VQ.A8PC.01A.11R.A39E.31" 0.124 0.1301 0.1253 0.1627 0.1554 0.1539 0.1485 0
"TCGA.VQ.A8PD.01A.11R.A414.31" 0.2451 0.2524 0.2495 0.0568 0.0606 0.0554 0.0801 0
"TCGA.VQ.A8PE.01A.11R.A414.31" 0.0878 0.1027 0.0977 0.1065 0.1028 0.1033 0.1618 0.2373
"TCGA.VQ.A8PF.01A.11R.A414.31" 0.213 0.2293 0.2233 0.0246 0.0241 0.0241 0.1018 0.1598
"TCGA.VQ.A8PH.01A.12R.A414.31" 0.0297 0.0361 0.0342 0.1119 0.1054 0.1141 0.2579 0.3108
"TCGA.VQ.A8PJ.01A.11R.A414.31" 0.0067 0.0078 0.0072 0.1523 0.1364 0.1315 0.1837 0.3745
"TCGA.VQ.A8PK.01A.12R.A414.31" 0.0431 0.0446 0.0457 0.1511 0.1466 0.1522 0.1252 0.2915
"TCGA.VQ.A8PM.01A.21R.A414.31" 0.2304 0.2487 0.2426 0.0019 0.0018 0.0018 0.16 0.1127
"TCGA.VQ.A8PO.01A.11R.A414.31" 0.1019 0.1067 0.1055 0.1521 0.1503 0.1507 0.0439 0.189
"TCGA.VQ.A8PP.01A.21R.A414.31" 0.0255 0.026 0.0264 0.1493 0.1482 0.1469 0.2231 0.2545
"TCGA.VQ.A8PQ.01A.11R.A414.31" 0.3175 0.3056 0.3037 0.0226 0.0224 0.0229 0 0.0053
"TCGA.VQ.A8PU.01A.12R.A414.31" 0.0401 0.0487 0.0502 0.1105 0.0906 0.082 0.1874 0.3904
"TCGA.VQ.A8PX.01A.12R.A414.31" 0.0348 0.0414 0.0378 0.1499 0.1464 0.1427 0.217 0.2299
"TCGA.VQ.A91A.01A.11R.A414.31" 0 0 0 0.211 0.2108 0.2123 0.1798 0.186
"TCGA.VQ.A91D.01A.11R.A414.31" 0 0 0 0.1873 0.1827 0.1851 0.1417 0.3031
"TCGA.VQ.A91E.01A.31R.A414.31" 0.1621 0.187 0.1955 0.0655 0.0583 0.0549 0.0812 0.1955
"TCGA.VQ.A91K.01A.11R.A414.31" 0 0 0 0.2266 0.2187 0.2195 0.1567 0.1785
"TCGA.VQ.A91N.01A.11R.A414.31" 0.051 0.0616 0.058 0.0542 0.0578 0.049 0.3333 0.3351
"TCGA.VQ.A91Q.01A.12R.A414.31" 0 0 0 0.2723 0.2607 0.2588 0.158 0.0502
"TCGA.VQ.A91S.01A.11R.A414.31" 0.0297 0.0362 0.0359 0.2583 0.2378 0.2493 0.0474 0.1054
"TCGA.VQ.A91U.01A.11R.A414.31" 0.0145 0.0166 0.0159 0.2175 0.2073 0.2072 0.1588 0.1622
"TCGA.VQ.A91V.01A.11R.A414.31" 0.008 0.0094 0.0089 0.2247 0.214 0.1998 0.1115 0.2237
"TCGA.VQ.A91W.01A.11R.A414.31" 0.1625 0.1932 0.1783 0 0 0 0.212 0.2539
"TCGA.VQ.A91X.01A.12R.A414.31" 0.0072 0.0081 0.0086 0.1498 0.137 0.1328 0.0735 0.4829
"TCGA.VQ.A91Y.01A.11R.A414.31" 0.0395 0.0403 0.0406 0.2174 0.2194 0.2128 0.1232 0.1067
"TCGA.VQ.A91Z.01A.11R.A414.31" 0.0562 0.0664 0.0588 0.0787 0.0738 0.0739 0.1413 0.451
"TCGA.VQ.A922.01A.11R.A414.31" 0 0 0 0.2034 0.2002 0.1995 0.1567 0.2402
"TCGA.VQ.A923.01A.11R.A414.31" 0.1749 0.1874 0.1829 0.0817 0.0808 0.0835 0.0463 0.1625
"TCGA.VQ.A924.01A.11R.A414.31" 0.0227 0.0241 0.0241 0.2147 0.2048 0.2075 0.0852 0.217
"TCGA.VQ.A925.01A.11R.A414.31" 0 0 0 0.2121 0.1962 0.1879 0.2073 0.1964
"TCGA.VQ.A927.01A.12R.A414.31" 0.0507 0.052 0.0531 0.0633 0.0611 0.0601 0.3589 0.3007
"TCGA.VQ.A928.01A.11R.A414.31" 0 0 0 0.2676 0.2632 0.2651 0.1595 0.0447
"TCGA.VQ.A92D.01A.11R.A414.31" 0 0 0 0.1118 0.1118 0.0965 0.2455 0.4344
"TCGA.VQ.A94O.01A.11R.A414.31" 0.034 0.0441 0.0421 0.1163 0.1322 0.1064 0.2094 0.3156
"TCGA.VQ.A94P.01A.13R.A414.31" 0 0 0 0.2401 0.2435 0.2374 0.1519 0.127
"TCGA.VQ.A94R.01A.11R.A414.31" 0.0104 0.0106 0.0105 0.203 0.2008 0.2015 0.2939 0.0692
"TCGA.VQ.A94T.01A.11R.A414.31" 0 0 0 0.2013 0.1836 0.1767 0.1273 0.311
"TCGA.VQ.A94U.01A.12R.A414.31" 0 0 0 0.2124 0.2037 0.2052 0.1985 0.1803
"TCGA.VQ.AA64.01A.11R.A414.31" 0 0 0 0.2369 0.2355 0.2355 0.2052 0.087
"TCGA.VQ.AA68.01A.11R.A414.31" 0.052 0.0551 0.0537 0.1868 0.201 0.1772 0.1508 0.1233
"TCGA.VQ.AA69.01A.11R.A414.31" 0.0493 0.0602 0.0553 0.0515 0.0455 0.0473 0.2865 0.4045
"TCGA.VQ.AA6A.01A.11R.A414.31" 0 0 0 0.1462 0.1336 0.129 0.3084 0.2829
"TCGA.VQ.AA6B.01A.11R.A414.31" 0 0 0 0.25 0.2262 0.2251 0.0796 0.2191
"TCGA.VQ.AA6D.01A.11R.A414.31" 0 0 0 0.1055 0.1033 0.0902 0.3179 0.3831
"TCGA.VQ.AA6F.01A.31R.A414.31" 0.2084 0.2412 0.2243 0 0 0 0.1781 0.148
"TCGA.VQ.AA6G.01A.11R.A414.31" 0.0529 0.0639 0.0607 0.0882 0.0888 0.0826 0.2016 0.3613
"TCGA.VQ.AA6I.01A.11R.A414.31" 0 0 0 0.1727 0.1644 0.1676 0.2577 0.2375
"TCGA.VQ.AA6J.01A.11R.A414.31" 0.2178 0.2306 0.2245 0.0039 0.004 0.0038 0.0522 0.2632
"TCGA.VQ.AA6K.01A.11R.A414.31" 0.046 0.0486 0.0503 0.2223 0.2215 0.2067 0.1034 0.1014
"TCGA.ZA.A8F6.01A.23R.A36D.31" 0.0141 0.0153 0.0143 0.2072 0.2023 0.2003 0.1713 0.1751
"TCGA.ZQ.A9CR.01A.11R.A39E.31" 0.011 0.0113 0.0111 0.2373 0.2385 0.2338 0.1474 0.1097
