"CD4_na" "CD4_cenm" "CD4_efm" "CD8_na" "CD8_cenm" "CD8_efm" "Treg" "T gamma delta"
"TCGA.4C.A93U.01A.11R.A39I.07" 0.0862 0.0904 0.0927 0.0554 0.0657 0.0551 0.0984 0.4561
"TCGA.BJ.A0YZ.01A.11R.A10U.07" 0.0643 0.0747 0.0764 0.0791 0.0713 0.0791 0.3061 0.2491
"TCGA.BJ.A0Z0.01A.11R.A10U.07" 0 0 0 0.05 0.0519 0.051 0.4807 0.3663
"TCGA.BJ.A0Z2.01A.11R.A10U.07" 0 0 0 0.278 0.257 0.2448 0.1924 0.0279
"TCGA.BJ.A0Z3.01A.11R.A13Y.07" 0.2324 0.2366 0.2353 0.0334 0.029 0.0339 0.0627 0.1366
"TCGA.BJ.A0Z5.01A.11R.A10U.07" 0 0 0 0.2419 0.2132 0.2467 0.1057 0.1925
"TCGA.BJ.A0Z9.01A.11R.A10U.07" 0.0515 0.0608 0.0577 0.0574 0.0534 0.0532 0.2337 0.4323
"TCGA.BJ.A0ZA.01A.11R.A10U.07" 0.0394 0.0474 0.0445 0.083 0.0907 0.0765 0.2145 0.4041
"TCGA.BJ.A0ZB.01A.11R.A10U.07" 0.02 0.0204 0.0202 0.18 0.1555 0.1765 0.1638 0.2636
"TCGA.BJ.A0ZC.01A.12R.A13Y.07" 0.0822 0.0847 0.0834 0.0579 0.0582 0.0594 0.5742 0
"TCGA.BJ.A0ZE.01A.11R.A10U.07" 0.0336 0.0437 0.0427 0.0478 0.0452 0.0495 0.1997 0.5378
"TCGA.BJ.A0ZG.01A.11R.A10U.07" 0.0023 0.0025 0.0024 0.2645 0.2692 0.2578 0.1302 0.0712
"TCGA.BJ.A0ZH.01A.11R.A10U.07" 0.047 0.0545 0.0515 0.0669 0.0579 0.0647 0.2341 0.4233
"TCGA.BJ.A0ZJ.01A.11R.A10U.07" 0.2247 0.2323 0.2283 0.0607 0.0529 0.0586 0.0191 0.1234
"TCGA.BJ.A18Y.01A.11R.A13Y.07" 0.0504 0.0643 0.0632 0.0847 0.0876 0.0797 0.2078 0.3623
"TCGA.BJ.A18Z.01A.21R.A13Y.07" 0.0204 0.0206 0.0208 0.0974 0.0894 0.0892 0.3219 0.3403
"TCGA.BJ.A190.01A.11R.A13Y.07" 0.0681 0.0722 0.0702 0.0486 0.0536 0.0458 0.2596 0.3818
"TCGA.BJ.A191.01A.11R.A13Y.07" 0.031 0.0305 0.0304 0.2567 0.2469 0.2717 0.1221 0.0108
"TCGA.BJ.A192.01A.31R.A13Y.07" 0.0437 0.0488 0.0594 0.1226 0.1201 0.1028 0.2618 0.2409
"TCGA.BJ.A28R.11A.11R.A16R.07" 0.2826 0.2889 0.2823 0.028 0.0271 0.0273 0.0466 0.0171
"TCGA.BJ.A28R.01A.11R.A16R.07" 0.0836 0.098 0.0909 0.0915 0.1032 0.0897 0.1547 0.2883
"TCGA.BJ.A28S.01A.11R.A19O.07" 0.0609 0.069 0.0648 0.0455 0.0441 0.0468 0.2225 0.4464
"TCGA.BJ.A28T.01A.11R.A16R.07" 0.317 0.3231 0.3174 0.0034 0.003 0.0033 0.0329 0
"TCGA.BJ.A28V.01A.11R.A19O.07" 0.0076 0.008 0.0078 0.0568 0.0525 0.0497 0.2926 0.525
"TCGA.BJ.A28W.11A.11R.A32Y.07" 0.08 0.0889 0.0934 0.1588 0.1369 0.1565 0 0.2855
"TCGA.BJ.A28W.01A.11R.A32Y.07" 0.2888 0.3226 0.3003 0.0307 0.0266 0.031 0 0
"TCGA.BJ.A28X.11A.11R.A22L.07" 0.3457 0.3289 0.3254 0 0 0 0 0
"TCGA.BJ.A28X.01A.11R.A22L.07" 0.2495 0.2542 0.251 0.0354 0.0402 0.0347 0.0522 0.0829
"TCGA.BJ.A28Z.01A.11R.A16R.07" 0.1528 0.1592 0.1556 0.1015 0.1151 0.1004 0 0.2153
"TCGA.BJ.A290.11A.11R.A180.07" 0.0181 0.019 0.0187 0.2207 0.2092 0.2122 0.1897 0.1124
"TCGA.BJ.A290.01A.11R.A180.07" 0.0303 0.03 0.03 0.1306 0.1137 0.1325 0.2563 0.2767
"TCGA.BJ.A291.01A.11R.A16R.07" 0.0164 0.0216 0.0214 0.2671 0.241 0.2409 0.0628 0.1288
"TCGA.BJ.A2N7.11A.11R.A18C.07" 0.1311 0.1394 0.1345 0.0261 0.026 0.0249 0.2415 0.2764
"TCGA.BJ.A2N7.01A.11R.A18C.07" 0.0017 0.0018 0.0018 0.2587 0.2483 0.2639 0.1017 0.1222
"TCGA.BJ.A2N8.11A.11R.A18C.07" 0.0618 0.0656 0.0644 0.0474 0.0453 0.0426 0.4065 0.2664
"TCGA.BJ.A2N8.01A.11R.A18C.07" 0 0 0 0.1112 0.1005 0.0983 0.204 0.486
"TCGA.BJ.A2N9.11A.11R.A18C.07" 0.2603 0.2925 0.2803 0.0344 0.036 0.0307 0 0.0659
"TCGA.BJ.A2N9.01A.11R.A18C.07" 0 0 0 0.2129 0.1836 0.2089 0.1568 0.2378
"TCGA.BJ.A2NA.11A.11R.A19O.07" 0.2687 0.2819 0.274 0.0182 0.0182 0.0189 0.0492 0.0708
"TCGA.BJ.A2NA.01A.12R.A19O.07" 0 0 0 0.0862 0.0875 0.0844 0.3283 0.4135
"TCGA.BJ.A2P4.01A.11R.A18C.07" 0.0528 0.0642 0.0659 0.0052 0.0048 0.0048 0.1545 0.6478
"TCGA.BJ.A3EZ.01A.11R.A206.07" 0.0308 0.033 0.0324 0.0495 0.0555 0.0481 0.3844 0.3662
"TCGA.BJ.A3F0.01A.11R.A206.07" 0.0674 0.0879 0.0867 0.0616 0.0587 0.0564 0.1752 0.4062
"TCGA.BJ.A3PR.11A.11R.A220.07" 0.2147 0.2457 0.2577 0.0744 0.0713 0.076 0 0.0603
"TCGA.BJ.A3PR.01A.11R.A220.07" 0.2937 0.3177 0.2928 0 0 0 0 0.0958
"TCGA.BJ.A3PT.01A.12R.A220.07" 0.0433 0.0552 0.0542 0.1264 0.1173 0.1275 0.1404 0.3357
"TCGA.BJ.A3PU.11A.11R.A220.07" 0 0 0 0.2471 0.2336 0.2315 0.2119 0.0759
"TCGA.BJ.A3PU.01A.11R.A220.07" 0.0163 0.0187 0.0183 0.1178 0.1096 0.116 0.1523 0.4511
"TCGA.BJ.A45C.01A.11R.A23W.07" 0.0018 0.0019 0.002 0.2687 0.2637 0.2725 0.1293 0.0601
"TCGA.BJ.A45D.01A.11R.A23W.07" 0.072 0.0828 0.082 0.1376 0.1267 0.1283 0 0.3705
"TCGA.BJ.A45E.01A.11R.A32Y.07" 0.3391 0.3301 0.3307 0 0 0 0 0
"TCGA.BJ.A45F.01A.12R.A23W.07" 0.0086 0.0113 0.0109 0.2325 0.2439 0.2203 0.1625 0.1101
"TCGA.BJ.A45G.01A.11R.A23W.07" 0.0332 0.0406 0.0379 0.1542 0.1404 0.14 0.238 0.2156
"TCGA.BJ.A45H.01A.12R.A23W.07" 0.0241 0.0247 0.0244 0.1273 0.1141 0.126 0.2261 0.3333
"TCGA.BJ.A45I.01A.11R.A23W.07" 0.0734 0.0786 0.075 0.0562 0.0619 0.0546 0.1816 0.4188
"TCGA.BJ.A45J.01A.11R.A23W.07" 0.069 0.0704 0.0695 0.0665 0.0729 0.0647 0.1529 0.434
"TCGA.BJ.A45K.01A.11R.A23W.07" 0.0445 0.0515 0.0478 0.1368 0.1396 0.1321 0.248 0.1998
"TCGA.BJ.A4O8.01A.11R.A250.07" 0.0704 0.08 0.0857 0.0868 0.0949 0.0833 0.1729 0.3258
"TCGA.BJ.A4O9.01A.11R.A250.07" 0 0 0 0.0529 0.0472 0.0504 0.364 0.4854
"TCGA.CE.A13K.01A.11R.A10U.07" 0.0404 0.0489 0.049 0.087 0.0833 0.0812 0.2327 0.3774
"TCGA.CE.A27D.01A.11R.A16R.07" 0.2307 0.2395 0.2339 0.0478 0.0413 0.0469 0 0.1599
"TCGA.CE.A3MD.01A.11R.A20F.07" 0.0636 0.0681 0.0658 0.098 0.0969 0.0876 0.0585 0.4615
"TCGA.CE.A3ME.01A.11R.A20F.07" 0.0194 0.0226 0.0224 0.0994 0.1078 0.0945 0.221 0.413
"TCGA.CE.A481.01A.21R.A23W.07" 0.0844 0.099 0.0941 0.068 0.0658 0.0599 0.1172 0.4116
"TCGA.CE.A482.01A.11R.A23W.07" 0.0025 0.003 0.003 0.1999 0.1741 0.1921 0.1646 0.2608
"TCGA.CE.A483.01A.11R.A23W.07" 0.0138 0.0155 0.0154 0.1806 0.208 0.1794 0.177 0.2101
"TCGA.CE.A484.01A.11R.A23W.07" 0.0395 0.0489 0.0473 0.1597 0.1624 0.1479 0.2779 0.1166
"TCGA.CE.A485.01A.11R.A23W.07" 0.0789 0.0808 0.0797 0.1398 0.1591 0.137 0.1229 0.2019
"TCGA.DE.A0XZ.01A.11R.A180.07" 0.1487 0.1511 0.1537 0.0675 0.0598 0.0663 0.1473 0.2057
"TCGA.DE.A0Y2.01A.11R.A10U.07" 0.0172 0.0201 0.0192 0.1981 0.1879 0.1852 0.1787 0.1937
"TCGA.DE.A0Y3.01B.11R.A10U.07" 0.0089 0.0107 0.0101 0.2423 0.2239 0.2209 0.1504 0.1329
"TCGA.DE.A2OL.01A.11R.A18C.07" 0.064 0.0678 0.0658 0.0492 0.0445 0.0459 0.2264 0.4365
"TCGA.DE.A3KN.01A.11R.A20F.07" 0.0525 0.0613 0.0571 0.0588 0.05 0.0496 0.2411 0.4296
"TCGA.DE.A4M8.01A.21R.A250.07" 0.2326 0.2473 0.2365 0.0239 0.0268 0.0236 0.0105 0.1989
"TCGA.DE.A4M9.01A.11R.A250.07" 0.0389 0.048 0.0465 0.1718 0.163 0.1818 0.2844 0.0656
"TCGA.DE.A4MA.01A.11R.A250.07" 0.05 0.0583 0.0569 0.1188 0.1034 0.1223 0.0705 0.4197
"TCGA.DE.A4MB.01A.11R.A250.07" 0.0438 0.0523 0.0517 0.0843 0.0778 0.077 0.1126 0.5005
"TCGA.DE.A4MC.01A.11R.A250.07" 0.0801 0.0909 0.0958 0.0033 0.0037 0.0032 0.2359 0.487
"TCGA.DE.A4MD.06A.11R.A250.07" 0.1629 0.196 0.2084 0.0585 0.0614 0.0531 0.1089 0.1507
"TCGA.DE.A4MD.01A.11R.A250.07" 0.052 0.0648 0.0655 0.0519 0.0495 0.0562 0.268 0.3922
"TCGA.DE.A69J.01A.21R.A39I.07" 0.0208 0.0203 0.0202 0.1159 0.1332 0.1142 0.2817 0.2937
"TCGA.DE.A69K.01A.11R.A39I.07" 0.029 0.0345 0.036 0.0955 0.0809 0.0809 0.2497 0.3935
"TCGA.DE.A7U5.01A.11R.A39I.07" 0.063 0.0654 0.0676 0.0145 0.0136 0.0134 0.2841 0.4783
"TCGA.DJ.A13L.01A.11R.A220.07" 0.0514 0.0582 0.0573 0.0958 0.1094 0.0964 0.1666 0.3649
"TCGA.DJ.A13M.01A.11R.A10U.07" 0.0225 0.0263 0.0274 0.1435 0.153 0.1358 0.1217 0.3698
"TCGA.DJ.A13O.01A.11R.A10U.07" 0.2022 0.2277 0.2322 0.0446 0.0395 0.0417 0.0679 0.1442
"TCGA.DJ.A13P.01A.11R.A10U.07" 0.009 0.0101 0.01 0.2157 0.1989 0.2113 0.16 0.1851
"TCGA.DJ.A13R.01A.11R.A10U.07" 0.3142 0.3703 0.3129 0 0 0 0.0026 0
"TCGA.DJ.A13S.01A.11R.A10U.07" 0.052 0.0616 0.0602 0.0689 0.0657 0.064 0.1904 0.4371
"TCGA.DJ.A13T.01A.11R.A10U.07" 0.0215 0.022 0.0217 0.0798 0.073 0.0774 0.2352 0.4693
"TCGA.DJ.A13U.01A.11R.A10U.07" 0.0364 0.0419 0.04 0.1036 0.1016 0.1198 0.2473 0.3094
"TCGA.DJ.A13V.01A.11R.A10U.07" 0.0112 0.011 0.011 0.1709 0.1923 0.1714 0.2147 0.2175
"TCGA.DJ.A13W.01A.11R.A10U.07" 0.0914 0.1091 0.0995 0.0641 0.0592 0.0608 0.1311 0.3849
"TCGA.DJ.A13X.01A.11R.A10U.07" 0 0 0 0.2223 0.2501 0.2183 0.1732 0.1361
"TCGA.DJ.A1QD.01A.11R.A14Y.07" 0.0462 0.0482 0.0472 0.1682 0.1497 0.1433 0.195 0.2021
"TCGA.DJ.A1QE.01A.21R.A14Y.07" 0.0273 0.029 0.0282 0.0203 0.0225 0.02 0.2934 0.5592
"TCGA.DJ.A1QF.01A.12R.A14Y.07" 0.0043 0.0043 0.0042 0.2457 0.2833 0.2417 0.0909 0.1256
"TCGA.DJ.A1QG.01A.11R.A14Y.07" 0.04 0.0483 0.0474 0.0177 0.0166 0.016 0.4587 0.3553
"TCGA.DJ.A1QH.01A.21R.A14Y.07" 0.0376 0.043 0.0414 0.0553 0.0539 0.0628 0.2562 0.4499
"TCGA.DJ.A1QI.01A.11R.A14Y.07" 0.0208 0.0203 0.0202 0.1397 0.1584 0.1358 0.2075 0.2974
"TCGA.DJ.A1QL.01A.11R.A14Y.07" 0.071 0.0769 0.0741 0.0751 0.0404 0.0406 0.1588 0.4631
"TCGA.DJ.A1QM.01A.11R.A14Y.07" 0.0421 0.0432 0.0425 0.1172 0.1334 0.1146 0.3023 0.2048
"TCGA.DJ.A1QN.01A.11R.A14Y.07" 0.043 0.0459 0.044 0.0955 0.0802 0.081 0.356 0.2544
"TCGA.DJ.A1QO.01A.11R.A14Y.07" 0.036 0.0421 0.0437 0.0724 0.0774 0.0692 0.3005 0.3588
"TCGA.DJ.A1QQ.01A.11R.A14Y.07" 0.0179 0.0182 0.0181 0.1886 0.2043 0.1845 0.176 0.1923
"TCGA.DJ.A2PN.01A.21R.A19O.07" 0.0619 0.0795 0.0806 0.1381 0.1292 0.1279 0.256 0.1267
"TCGA.DJ.A2PO.01A.21R.A19O.07" 0.0743 0.0755 0.0751 0.0768 0.0883 0.0762 0.1682 0.3656
"TCGA.DJ.A2PP.01A.11R.A19O.07" 0.0512 0.059 0.0607 0.0426 0.0397 0.0384 0.3166 0.3918
"TCGA.DJ.A2PQ.01A.11R.A18C.07" 0.0025 0.0024 0.0024 0.1238 0.1405 0.1223 0.3625 0.2435
"TCGA.DJ.A2PR.01A.11R.A19O.07" 0.0465 0.053 0.0488 0.1401 0.1326 0.1299 0.164 0.285
"TCGA.DJ.A2PS.01A.11R.A18C.07" 0.0574 0.0583 0.0578 0.1236 0.1405 0.1212 0.244 0.1973
"TCGA.DJ.A2PT.01A.11R.A18C.07" 0.0274 0.0359 0.0351 0.1389 0.1274 0.1265 0.1303 0.3785
"TCGA.DJ.A2PU.01A.12R.A19O.07" 0.0254 0.0258 0.0256 0.19 0.2173 0.1868 0.1296 0.1993
"TCGA.DJ.A2PV.01A.11R.A19O.07" 0.0178 0.0182 0.0179 0.1984 0.2278 0.1938 0.1703 0.1559
"TCGA.DJ.A2PW.01A.11R.A19O.07" 0.022 0.0251 0.0268 0.2002 0.1842 0.1879 0.1897 0.1641
"TCGA.DJ.A2PX.01A.11R.A18C.07" 0.1796 0.1851 0.1822 0.0628 0.0624 0.0593 0.117 0.1517
"TCGA.DJ.A2PY.01A.11R.A18C.07" 0.0244 0.0251 0.025 0.0839 0.0825 0.096 0.3832 0.2799
"TCGA.DJ.A2PZ.01A.21R.A18C.07" 0.0423 0.044 0.0437 0.1273 0.1167 0.126 0.2026 0.2973
"TCGA.DJ.A2Q0.01A.11R.A206.07" 0.0473 0.0534 0.0547 0.0478 0.0457 0.0437 0.3303 0.3771
"TCGA.DJ.A2Q1.01A.22R.A19O.07" 0.141 0.1816 0.1807 0.0733 0.0838 0.0725 0.0393 0.2276
"TCGA.DJ.A2Q2.01A.11R.A19O.07" 0.1366 0.1699 0.165 0 0 0 0.307 0.2216
"TCGA.DJ.A2Q3.01A.11R.A18C.07" 0.0758 0.0792 0.0774 0.0872 0.0977 0.0858 0.1749 0.322
"TCGA.DJ.A2Q4.01A.21R.A18C.07" 0 0 0 0.1307 0.1254 0.1214 0.2636 0.3588
"TCGA.DJ.A2Q5.01A.11R.A18C.07" 0.1849 0.1894 0.1843 0.0651 0.0578 0.0644 0.0339 0.2203
"TCGA.DJ.A2Q6.01A.11R.A18C.07" 0.0522 0.0538 0.0531 0.1001 0.0917 0.0937 0.2501 0.3053
"TCGA.DJ.A2Q7.01A.11R.A18C.07" 0.0129 0.0134 0.0131 0.2259 0.2298 0.2024 0.1342 0.1684
"TCGA.DJ.A2Q9.01A.21R.A18C.07" 0.2794 0.2929 0.2898 0 0 0 0.0201 0.1179
"TCGA.DJ.A2QA.01A.11R.A18C.07" 0.0032 0.0041 0.0044 0.301 0.2617 0.2949 0.0256 0.1051
"TCGA.DJ.A2QB.01A.11R.A19O.07" 0.0156 0.0196 0.0192 0 0 0 0.4774 0.4681
"TCGA.DJ.A2QC.01A.11R.A18C.07" 0.0017 0.0022 0.0023 0.3115 0.2712 0.2983 0.0345 0.0784
"TCGA.DJ.A3UK.01A.11R.A22L.07" 0.0511 0.0603 0.0636 0.2123 0.2055 0.1862 0.1471 0.0738
"TCGA.DJ.A3UM.01A.11R.A22L.07" 0.0119 0.0122 0.012 0.2134 0.2435 0.2109 0.133 0.1631
"TCGA.DJ.A3UN.01A.11R.A22L.07" 0.0059 0.0061 0.006 0.2335 0.202 0.2277 0.1131 0.2056
"TCGA.DJ.A3UO.01A.11R.A22L.07" 0.0014 0.0014 0.0014 0.1475 0.1318 0.146 0.11 0.4603
"TCGA.DJ.A3UP.01A.11R.A22L.07" 0.0641 0.0622 0.0586 0.0691 0.0634 0.0631 0.2816 0.3379
"TCGA.DJ.A3UQ.01A.11R.A22L.07" 0.0657 0.067 0.0679 0.1135 0.1044 0.1039 0.1685 0.309
"TCGA.DJ.A3UR.01A.11R.A22L.07" 0 0 0 0.2852 0.2473 0.2737 0.1081 0.0858
"TCGA.DJ.A3US.01A.11R.A22L.07" 0.2341 0.232 0.2282 0.0356 0.0362 0.0324 0.0565 0.145
"TCGA.DJ.A3UT.01A.11R.A22L.07" 0.0422 0.0543 0.0528 0.0482 0.0525 0.0458 0.4029 0.3012
"TCGA.DJ.A3UU.01A.11R.A22L.07" 0.0891 0.0879 0.0878 0.1436 0.1607 0.1415 0.151 0.1384
"TCGA.DJ.A3UW.01A.11R.A22L.07" 0.1496 0.1976 0.1862 0.0361 0.0412 0.0355 0.1168 0.2369
"TCGA.DJ.A3UX.01A.11R.A22L.07" 0.0765 0.0784 0.0778 0.1841 0.2118 0.1812 0.0949 0.0953
"TCGA.DJ.A3UY.01A.21R.A22L.07" 0.1331 0.1418 0.1388 0.0635 0.0624 0.0696 0.1687 0.2221
"TCGA.DJ.A3UZ.01A.11R.A22U.07" 0.1512 0.1604 0.1538 0.1315 0.125 0.1376 0.0491 0.0914
"TCGA.DJ.A3V0.01A.11R.A22U.07" 0.0111 0.0131 0.0127 0.1728 0.1878 0.1667 0.1755 0.2602
"TCGA.DJ.A3V2.01A.11R.A22U.07" 0.1479 0.1546 0.1489 0.0983 0.0853 0.0955 0.0643 0.2052
"TCGA.DJ.A3V3.01A.11R.A22U.07" 0.0536 0.0559 0.0546 0.184 0.1587 0.1795 0.0672 0.2466
"TCGA.DJ.A3V4.01A.11R.A22U.07" 0.0348 0.036 0.0355 0.1524 0.1768 0.1508 0.2011 0.2126
"TCGA.DJ.A3V5.01A.11R.A22U.07" 0.0059 0.0059 0.006 0.1277 0.1449 0.1276 0.2967 0.2853
"TCGA.DJ.A3V7.01A.11R.A23N.07" 0.0121 0.014 0.0149 0.2029 0.2295 0.1997 0.1386 0.1883
"TCGA.DJ.A3V8.01A.11R.A23N.07" 0.008 0.0083 0.0085 0.1226 0.1249 0.1196 0.3127 0.2954
"TCGA.DJ.A3V9.01A.11R.A23N.07" 0.0504 0.0517 0.0508 0.1395 0.1262 0.1382 0.1848 0.2585
"TCGA.DJ.A3VA.01A.11R.A23N.07" 0.0318 0.0385 0.0391 0.1183 0.114 0.1144 0.2698 0.2742
"TCGA.DJ.A3VB.01A.11R.A23N.07" 0 0 0 0.0761 0.0863 0.0747 0.3393 0.4236
"TCGA.DJ.A3VD.01A.11R.A23N.07" 0.2692 0.2788 0.2713 0.0208 0.0235 0.0209 0.0273 0.0882
"TCGA.DJ.A3VE.01A.11R.A23N.07" 0.0056 0.0057 0.0058 0.2168 0.2357 0.2093 0.1994 0.1217
"TCGA.DJ.A3VF.01A.11R.A23N.07" 0.077 0.0784 0.0794 0.0897 0.0832 0.0825 0.1732 0.3366
"TCGA.DJ.A3VG.01A.11R.A23N.07" 0.0407 0.0472 0.044 0.1348 0.1414 0.1316 0.2075 0.2529
"TCGA.DJ.A3VI.01A.11R.A23N.07" 0.0186 0.0199 0.0216 0.0947 0.0938 0.0995 0.2883 0.3636
"TCGA.DJ.A3VJ.01A.11R.A23N.07" 0.0737 0.0757 0.0742 0.0409 0.0399 0.0398 0.2786 0.3772
"TCGA.DJ.A3VK.01A.11R.A23N.07" 0.0489 0.0608 0.0628 0.073 0.0672 0.0743 0.2593 0.3537
"TCGA.DJ.A3VL.01A.11R.A23N.07" 0.1377 0.1732 0.1854 0.018 0.0172 0.0186 0.1299 0.32
"TCGA.DJ.A3VM.01A.11R.A23N.07" 0.0666 0.0805 0.0759 0 0 0 0.4193 0.3576
"TCGA.DJ.A4UL.01A.11R.A250.07" 0.0235 0.0307 0.0312 0.1398 0.1206 0.1367 0.1525 0.365
"TCGA.DJ.A4UP.01A.11R.A250.07" 0.2107 0.2503 0.2321 0.0427 0.0414 0.0376 0.0125 0.1727
"TCGA.DJ.A4UQ.01A.11R.A250.07" 0.075 0.0766 0.0758 0.1524 0.1321 0.1492 0.2334 0.1054
"TCGA.DJ.A4UR.01A.11R.A250.07" 0.0416 0.0542 0.0531 0.0591 0.0557 0.0537 0.3295 0.3531
"TCGA.DJ.A4UT.01A.11R.A250.07" 0.1819 0.1853 0.1823 0.0469 0.0532 0.0465 0.0918 0.2121
"TCGA.DJ.A4UW.01A.11R.A250.07" 0.028 0.0293 0.0287 0.1998 0.1843 0.1716 0.2251 0.1332
"TCGA.DJ.A4V0.01A.11R.A250.07" 0.1689 0.1778 0.1717 0.0687 0.069 0.0653 0.1251 0.1535
"TCGA.DJ.A4V2.01A.11R.A250.07" 0.0344 0.04 0.0426 0.0688 0.0738 0.0656 0.3045 0.3703
"TCGA.DJ.A4V4.01A.11R.A250.07" 0.0282 0.0294 0.0288 0.1609 0.1392 0.1548 0.2187 0.24
"TCGA.DJ.A4V5.01A.11R.A250.07" 0.0947 0.1218 0.1208 0.0749 0.0848 0.0738 0.1176 0.3118
"TCGA.DO.A1JZ.11A.11R.A13Y.07" 0.0806 0.0961 0.0923 0.0676 0.0608 0.0612 0.198 0.3435
"TCGA.DO.A1JZ.01A.11R.A13Y.07" 0.0292 0.0292 0.0292 0.2098 0.24 0.2082 0.0923 0.162
"TCGA.DO.A1K0.01A.11R.A13Y.07" 9e-04 9e-04 9e-04 0.2145 0.2433 0.2095 0.1829 0.147
"TCGA.DO.A2HM.01B.11R.A22L.07" 0.2628 0.3006 0.2783 0.0452 0.0505 0.0467 0.0152 7e-04
"TCGA.E3.A3DY.01A.11R.A20F.07" 0.0037 0.0037 0.0037 0.1749 0.1988 0.1725 0.2372 0.2055
"TCGA.E3.A3DZ.01A.11R.A20F.07" 0.0347 0.0443 0.0433 0.0308 0.0277 0.0274 0.3477 0.4441
"TCGA.E3.A3E0.01A.11R.A20F.07" 0.0143 0.0149 0.0145 0.2123 0.2374 0.205 0.1409 0.1606
"TCGA.E3.A3E1.01A.11R.A20F.07" 0.0267 0.0281 0.0275 0.15 0.1307 0.1434 0.2153 0.2782
"TCGA.E3.A3E2.01A.11R.A20F.07" 0.2136 0.2313 0.2304 0.0273 0.0238 0.0277 0.0555 0.1905
"TCGA.E3.A3E3.01A.11R.A20F.07" 0.0456 0.0558 0.0545 0.1076 0.1168 0.0997 0.167 0.3529
"TCGA.E3.A3E5.01A.11R.A20F.07" 0.0067 0.0067 0.0069 0.256 0.222 0.2493 0.1389 0.1135
"TCGA.E8.A242.01A.21R.A16R.07" 0.0586 0.0769 0.0787 0.0715 0.0808 0.0704 0.11 0.4531
"TCGA.E8.A2EA.01A.11R.A180.07" 0.1268 0.1308 0.1338 0.0908 0.079 0.0893 0.0532 0.2963
"TCGA.E8.A2JQ.11A.11R.A180.07" 0.3394 0.3266 0.3236 0 0 0 0.0104 0
"TCGA.E8.A2JQ.01A.11R.A180.07" 0.1905 0.1983 0.1931 0 0 0 0.0555 0.3626
"TCGA.E8.A3X7.01A.11R.A22U.07" 0.0024 0.0031 0.0034 0.2763 0.2422 0.2685 0.0601 0.1439
"TCGA.E8.A413.01A.21R.A23N.07" 0.0877 0.0897 0.0905 0.0973 0.1127 0.0964 0.2506 0.1752
"TCGA.E8.A414.01A.11R.A23N.07" 0.0777 0.0808 0.0836 0.043 0.0495 0.0423 0.2294 0.3938
"TCGA.E8.A415.01A.11R.A23N.07" 0.0302 0.035 0.0356 0.0704 0.0676 0.0731 0.335 0.3531
"TCGA.E8.A416.01A.11R.A23N.07" 0.0571 0.0689 0.065 0.0558 0.0521 0.0604 0.4028 0.2379
"TCGA.E8.A417.01A.21R.A23N.07" 0.04 0.0409 0.0416 0.1027 0.1136 0.1038 0.2564 0.301
"TCGA.E8.A418.01A.11R.A23N.07" 0 0 0 0.0626 0.0547 0.0608 0.319 0.503
"TCGA.E8.A419.01A.11R.A23N.07" 0.1527 0.1635 0.1798 0.0134 0.0146 0.013 0.1793 0.2837
"TCGA.E8.A432.01A.11R.A23N.07" 0.1077 0.1157 0.1107 0.0305 0.028 0.0282 0.066 0.5133
"TCGA.E8.A433.01A.11R.A23N.07" 0.0339 0.0394 0.039 0.1596 0.1396 0.1627 0.1229 0.3029
"TCGA.E8.A434.01A.11R.A23N.07" 0.02 0.0233 0.0223 0.2087 0.1953 0.1903 0.1297 0.2104
"TCGA.E8.A436.01A.12R.A23W.07" 0.0247 0.0287 0.0275 0.0925 0.1049 0.0903 0.3391 0.2923
"TCGA.E8.A437.01A.12R.A23W.07" 0.0053 0.0064 0.0068 0.2697 0.2347 0.2643 0.126 0.0868
"TCGA.E8.A438.01A.11R.A23W.07" 0.0093 0.0116 0.0117 0.2596 0.2371 0.2382 0.0516 0.1809
"TCGA.E8.A44K.01A.21R.A23W.07" 0.0308 0.0381 0.0385 0.1352 0.1437 0.1295 0.1564 0.3278
"TCGA.E8.A44M.01A.21R.A23W.07" 0.236 0.2509 0.2393 0 0 0 0 0.2738
"TCGA.EL.A3CL.01A.11R.A19O.07" 0.0191 0.0196 0.0203 0.0601 0.0506 0.0505 0.4659 0.3139
"TCGA.EL.A3CM.01A.11R.A19O.07" 0.0163 0.0169 0.0171 0.2136 0.2079 0.2429 0.1179 0.1674
"TCGA.EL.A3CN.01A.12R.A20F.07" 0.0769 0.0815 0.0785 0.0521 0.0585 0.0512 0.2482 0.3529
"TCGA.EL.A3CO.01A.11R.A19O.07" 0.2195 0.2284 0.2229 0.1025 0.1057 0.0911 0.0299 0
"TCGA.EL.A3CP.01A.11R.A19O.07" 0.0047 0.0047 0.0047 0.207 0.2399 0.2052 0.2223 0.1115
"TCGA.EL.A3CR.01A.12R.A206.07" 0 0 0 0.2478 0.2728 0.2422 0.0388 0.1984
"TCGA.EL.A3CS.01A.21R.A19O.07" 0.066 0.0799 0.084 0.0044 0.0044 0.0042 0.221 0.5361
"TCGA.EL.A3CT.01A.12R.A206.07" 0.0693 0.0727 0.0712 0.0374 0.0413 0.0372 0.3705 0.3003
"TCGA.EL.A3CU.01A.11R.A19O.07" 0.1954 0.1905 0.1888 0.0152 0.0154 0.0177 0.1903 0.1866
"TCGA.EL.A3CV.01A.11R.A19O.07" 0.2684 0.2782 0.2716 0 0 0 0.0709 0.111
"TCGA.EL.A3CW.01A.11R.A19O.07" 0.3013 0.3128 0.306 0.0062 0.006 0.0061 0.0129 0.0488
"TCGA.EL.A3CX.01A.11R.A19O.07" 0.0389 0.0393 0.0406 0.272 0.2623 0.2572 0.0897 0
"TCGA.EL.A3CY.01A.11R.A19O.07" 0.3431 0.3276 0.3292 0 0 0 0 0
"TCGA.EL.A3CZ.01A.11R.A19O.07" 0.0573 0.0596 0.058 0.0513 0.0522 0.0524 0.2659 0.4033
"TCGA.EL.A3D0.01A.12R.A206.07" 0.005 0.0052 0.0053 0.2647 0.2679 0.2352 0.1343 0.0824
"TCGA.EL.A3D1.01A.11R.A19O.07" 0 0 0 0.2554 0.2325 0.2392 0.0711 0.2018
"TCGA.EL.A3D4.01A.11R.A19O.07" 0.005 0.0064 0.0062 0.2602 0.266 0.2501 0.1119 0.0942
"TCGA.EL.A3D5.01A.22R.A206.07" 0.0554 0.0707 0.0693 0.0792 0.0873 0.0731 0.3908 0.1742
"TCGA.EL.A3D6.01A.12R.A206.07" 0.1165 0.1115 0.1095 0.0134 0.0149 0.0132 0.2691 0.352
"TCGA.EL.A3GO.01A.11R.A206.07" 0.0806 0.072 0.071 0.1001 0.1063 0.099 0.4712 0
"TCGA.EL.A3GP.01A.11R.A206.07" 0.2838 0.2889 0.2903 0 0 0 0.137 0
"TCGA.EL.A3GQ.01A.11R.A206.07" 0.0797 0.0815 0.0807 0.067 0.0751 0.0646 0.2987 0.2527
"TCGA.EL.A3GR.01A.21R.A206.07" 0.0396 0.0403 0.0416 0.1696 0.1721 0.1773 0.1869 0.1727
"TCGA.EL.A3GS.01A.11R.A20F.07" 0.0325 0.0318 0.0325 0.0568 0.0634 0.0543 0.4181 0.3105
"TCGA.EL.A3GU.01A.11R.A21D.07" 0.0441 0.0461 0.0469 0.0476 0.0437 0.0435 0.3402 0.3879
"TCGA.EL.A3GV.01A.11R.A21D.07" 0.0767 0.0783 0.0776 0.0686 0.0776 0.0667 0.2243 0.3302
"TCGA.EL.A3GW.01A.11R.A206.07" 0.0503 0.0576 0.0542 0.0502 0.0482 0.046 0.2884 0.4051
"TCGA.EL.A3GX.01A.11R.A206.07" 0.0339 0.0324 0.0332 0.0956 0.1064 0.0938 0.266 0.3388
"TCGA.EL.A3GY.01A.21R.A206.07" 0.0903 0.1158 0.1129 0.0698 0.081 0.0683 0.2775 0.1844
"TCGA.EL.A3GZ.11A.11R.A20F.07" 0.077 0.0814 0.0795 0.0358 0.0354 0.034 0.3113 0.3456
"TCGA.EL.A3GZ.01A.11R.A20F.07" 0 0 0 0.1475 0.1652 0.1452 0.2017 0.3404
"TCGA.EL.A3H1.11A.11R.A21D.07" 0.2164 0.2278 0.2226 0 0 0 0.1698 0.1634
"TCGA.EL.A3H1.01A.11R.A21D.07" 0 0 0 0.0607 0.0602 0.056 0.4057 0.4174
"TCGA.EL.A3H2.11A.11R.A20F.07" 0.0632 0.068 0.0666 0.0504 0.0481 0.044 0.3251 0.3346
"TCGA.EL.A3H2.01A.11R.A20F.07" 0.0391 0.0472 0.0452 0.0658 0.072 0.0613 0.406 0.2634
"TCGA.EL.A3H3.01A.11R.A206.07" 0.2006 0.2086 0.2021 0.0211 0.0181 0.0209 0 0.3287
"TCGA.EL.A3H4.01A.11R.A206.07" 0.0243 0.0255 0.025 0.1606 0.1833 0.1572 0.1855 0.2387
"TCGA.EL.A3H5.01A.11R.A206.07" 0.2093 0.2119 0.2108 0.0192 0.0177 0.0177 0.1726 0.1407
"TCGA.EL.A3H7.11A.11R.A21D.07" 0.2542 0.2671 0.2632 0 0 0 0.2154 0
"TCGA.EL.A3H7.01A.11R.A21D.07" 0.108 0.1117 0.1131 0.0804 0.074 0.0736 0.134 0.3052
"TCGA.EL.A3H8.01A.11R.A20F.07" 0 0 0 0.2032 0.2319 0.2003 0.2481 0.1165
"TCGA.EL.A3MW.11A.11R.A20F.07" 0.1438 0.148 0.1508 0.0681 0.0685 0.0595 0.3613 0
"TCGA.EL.A3MW.01A.11R.A20F.07" 0 0 0 0.1365 0.1504 0.1333 0.2335 0.3462
"TCGA.EL.A3MX.11A.11R.A21D.07" 0 0 0 0.2867 0.2927 0.2822 0.0961 0.0423
"TCGA.EL.A3MX.01A.11R.A21D.07" 0.0986 0.089 0.087 0.0945 0.0854 0.1001 0.2759 0.1695
"TCGA.EL.A3MY.11A.12R.A21D.07" 0.0808 0.0862 0.0832 0.047 0.047 0.0449 0.3902 0.2207
"TCGA.EL.A3MY.01A.11R.A21D.07" 0.101 0.1023 0.1034 0.0573 0.0531 0.0527 0.1959 0.3342
"TCGA.EL.A3MZ.01A.11R.A21D.07" 0 0 0 0.0846 0.078 0.0771 0.2849 0.4754
"TCGA.EL.A3N2.11A.11R.A20F.07" 0.0093 0.0096 0.0095 0.2284 0.2206 0.2392 0.2398 0.0436
"TCGA.EL.A3N2.01A.11R.A20F.07" 0.0521 0.0548 0.0528 0.0485 0.0527 0.0473 0.2909 0.4009
"TCGA.EL.A3N3.11A.11R.A20F.07" 0.3486 0.3299 0.3215 0 0 0 0 0
"TCGA.EL.A3N3.01A.11R.A20F.07" 0.0315 0.0367 0.0343 0.0916 0.103 0.0892 0.2322 0.3816
"TCGA.EL.A3T0.11A.12R.A22L.07" 0.2518 0.3055 0.2895 0 0 0 0.0481 0.1051
"TCGA.EL.A3T0.01A.22R.A22L.07" 0.0659 0.0851 0.084 0.055 0.059 0.0522 0.3063 0.2924
"TCGA.EL.A3T1.11A.11R.A22L.07" 0.2763 0.3298 0.3106 0 0 0 0.0833 0
"TCGA.EL.A3T1.01A.11R.A22L.07" 0.0776 0.0813 0.0804 0.0624 0.0587 0.0575 0.2562 0.3258
"TCGA.EL.A3T2.11A.11R.A22L.07" 0.0589 0.061 0.0624 0.1717 0.1568 0.1646 0.1461 0.1785
"TCGA.EL.A3T2.01A.11R.A22L.07" 0.0571 0.0649 0.0584 0.0627 0.0612 0.0554 0.3331 0.3071
"TCGA.EL.A3T3.11A.11R.A22L.07" 0.07 0.0838 0.0792 0.0553 0.0551 0.0527 0.3263 0.2777
"TCGA.EL.A3T3.01A.11R.A22L.07" 0 0 0 0.2174 0.2085 0.2083 0.1555 0.2102
"TCGA.EL.A3T6.11A.11R.A220.07" 0.2847 0.3418 0.3134 0 0 0 0.06 0
"TCGA.EL.A3T6.01A.11R.A220.07" 0.0955 0.1035 0.1132 0.0336 0.0356 0.0321 0.2643 0.3222
"TCGA.EL.A3T7.11A.21R.A22L.07" 0.1183 0.1282 0.1238 0.0711 0.0662 0.0784 0.3815 0.0324
"TCGA.EL.A3T7.01A.11R.A22L.07" 0.0143 0.0144 0.0147 0.2068 0.238 0.2046 0.2222 0.085
"TCGA.EL.A3T8.11A.11R.A22L.07" 0.0121 0.0145 0.0137 0.2254 0.2245 0.2137 0.2229 0.0732
"TCGA.EL.A3T8.01A.21R.A22L.07" 0.0089 0.0091 0.009 0.237 0.2686 0.2342 0.1214 0.1118
"TCGA.EL.A3T9.01A.21R.A22L.07" 0.1889 0.1858 0.1858 0 0 0 0.077 0.3624
"TCGA.EL.A3TA.11A.12R.A22L.07" 0 0 0 0.2873 0.258 0.316 0.1299 0.0088
"TCGA.EL.A3TA.01A.12R.A22L.07" 0.0928 0.0957 0.094 0.1973 0.1719 0.1899 0.0681 0.0904
"TCGA.EL.A3TB.11A.11R.A22L.07" 0.0499 0.0587 0.056 0.1398 0.1389 0.1328 0.1971 0.2267
"TCGA.EL.A3TB.01A.11R.A22L.07" 0.0146 0.015 0.0152 0.2245 0.1948 0.2216 0.0669 0.2475
"TCGA.EL.A3ZG.11A.13R.A23N.07" 0.0721 0.0866 0.0903 0.0582 0.055 0.062 0.281 0.2948
"TCGA.EL.A3ZG.01A.11R.A23N.07" 0 0 0 0.0508 0.0465 0.048 0.3267 0.5281
"TCGA.EL.A3ZH.11A.11R.A23N.07" 0.1012 0.1196 0.1015 0.0802 0.0747 0.0889 0.4339 0
"TCGA.EL.A3ZH.01A.31R.A23N.07" 0.0577 0.0669 0.0618 0.053 0.0483 0.0459 0.3583 0.308
"TCGA.EL.A3ZK.11A.11R.A23N.07" 0.2459 0.262 0.2487 0.0327 0.0343 0.0323 0.0977 0.0463
"TCGA.EL.A3ZK.01A.21R.A23N.07" 0.0559 0.062 0.0687 0.0839 0.081 0.0798 0.4137 0.155
"TCGA.EL.A3ZL.11A.11R.A23N.07" 0.1959 0.2057 0.2021 0.0156 0.0147 0.0166 0.3495 0
"TCGA.EL.A3ZL.01A.11R.A23N.07" 0.0171 0.0178 0.0175 0.1788 0.1553 0.1754 0.2815 0.1567
"TCGA.EL.A3ZM.11A.12R.A23N.07" 0.0709 0.0855 0.0781 0.0616 0.0548 0.0655 0.2658 0.3178
"TCGA.EL.A3ZM.01A.12R.A23N.07" 0.046 0.0524 0.0567 0.0957 0.0834 0.0944 0.1162 0.4552
"TCGA.EL.A3ZN.01A.11R.A23N.07" 0.0127 0.016 0.0148 0.2051 0.1848 0.2089 0.2242 0.1335
"TCGA.EL.A3ZO.11A.12R.A23N.07" 0.214 0.2634 0.2466 0.0113 0.0102 0.0117 0.2429 0
"TCGA.EL.A3ZO.01A.11R.A23N.07" 0.0929 0.1084 0.1026 0.0272 0.0305 0.0267 0.1026 0.509
"TCGA.EL.A3ZP.11A.11R.A23N.07" 0.3004 0.3534 0.3462 0 0 0 0 0
"TCGA.EL.A3ZP.01A.11R.A23N.07" 0.0905 0.0914 0.0929 0.0906 0.0781 0.089 0.1495 0.3181
"TCGA.EL.A3ZQ.11A.11R.A23N.07" 0.1466 0.1548 0.1685 0.0369 0.0332 0.04 0.2482 0.1718
"TCGA.EL.A3ZQ.01A.11R.A23N.07" 0.0405 0.0508 0.0551 0.1952 0.1689 0.1989 0.0477 0.2429
"TCGA.EL.A3ZR.11A.11R.A23N.07" 0.1824 0.2225 0.2099 0 0 0 0.3852 0
"TCGA.EL.A3ZR.01A.11R.A23N.07" 0.0653 0.0756 0.0808 0.0518 0.0497 0.0543 0.259 0.3635
"TCGA.EL.A3ZS.11A.11R.A23N.07" 0.3581 0.3241 0.3178 0 0 0 0 0
"TCGA.EL.A3ZS.01A.12R.A23N.07" 0.2153 0.224 0.2174 0.0467 0.0509 0.0452 0.0721 0.1285
"TCGA.EL.A3ZT.11A.13R.A23N.07" 0 0 0 0.2634 0.2692 0.2579 0.1607 0.0487
"TCGA.EL.A3ZT.01A.12R.A23N.07" 0.0039 0.0048 0.0052 0.2222 0.2108 0.21 0.2201 0.123
"TCGA.EL.A4JV.01A.11R.A250.07" 0.0533 0.0692 0.068 0.0469 0.046 0.0474 0.2665 0.4028
"TCGA.EL.A4JW.01A.11R.A250.07" 0.1016 0.1223 0.1182 0 0 0 0.249 0.4089
"TCGA.EL.A4JX.01A.12R.A250.07" 0.1847 0.1923 0.213 0 0 0 0.063 0.347
"TCGA.EL.A4JZ.01A.11R.A250.07" 0.1532 0.1626 0.1561 0.0594 0.0514 0.0582 0.1614 0.1978
"TCGA.EL.A4K0.01A.11R.A250.07" 0.0587 0.0678 0.0707 0.0936 0.0858 0.0853 0.2649 0.2731
"TCGA.EL.A4K1.01A.11R.A250.07" 0.0362 0.0468 0.0484 0.0671 0.0605 0.0664 0.2318 0.4429
"TCGA.EL.A4K2.01A.11R.A250.07" 0.0924 0.1115 0.1051 0.1688 0.1707 0.173 0.1784 0
"TCGA.EL.A4K4.01A.11R.A250.07" 0.0606 0.0627 0.0636 0.0617 0.0568 0.0565 0.2258 0.4122
"TCGA.EL.A4K6.01A.12R.A250.07" 0 0 0 0.2089 0.1906 0.2122 0.154 0.2343
"TCGA.EL.A4K7.01A.11R.A250.07" 0.0952 0.1192 0.1206 0.0598 0.0517 0.0579 0.1491 0.3464
"TCGA.EL.A4K9.01A.11R.A250.07" 0.0583 0.0612 0.0595 0.1268 0.1095 0.1221 0.2704 0.1922
"TCGA.EL.A4KD.01A.11R.A250.07" 0.0435 0.0549 0.0506 0.0893 0.0957 0.0854 0.2356 0.345
"TCGA.EL.A4KG.01A.11R.A250.07" 0.0076 0.0084 0.009 0.1111 0.1128 0.1093 0.2044 0.4374
"TCGA.EL.A4KH.01A.11R.A250.07" 0.0042 0.0054 0.0059 0.1373 0.1202 0.1399 0.0243 0.5629
"TCGA.EL.A4KI.01A.11R.A250.07" 0 0 0 0.2887 0.2659 0.2696 0.0865 0.0893
"TCGA.EM.A1CS.11A.21R.A13Y.07" 0.061 0.0734 0.0704 0.0511 0.0466 0.0463 0.1893 0.4618
"TCGA.EM.A1CS.01A.11R.A13Y.07" 0.0593 0.0571 0.0569 0.0585 0.0668 0.0567 0.2544 0.3904
"TCGA.EM.A1CT.11A.11R.A13Y.07" 0.068 0.0826 0.0785 0.0528 0.0587 0.0494 0.2251 0.3848
"TCGA.EM.A1CT.01A.11R.A13Y.07" 0.1071 0.1093 0.1081 0.0448 0.0521 0.0444 0.1903 0.3439
"TCGA.EM.A1CU.11A.11R.A13Y.07" 0.161 0.1685 0.1642 0.0283 0.0292 0.0286 0.2112 0.2091
"TCGA.EM.A1CU.01A.11R.A13Y.07" 0 0 0 0.1775 0.1971 0.1745 0.229 0.222
"TCGA.EM.A1CV.11A.11R.A13Y.07" 0.0524 0.0567 0.0544 0.0387 0.0394 0.0377 0.3526 0.368
"TCGA.EM.A1CV.01A.11R.A13Y.07" 0 0 0 0.0669 0.0592 0.0667 0.3367 0.4706
"TCGA.EM.A1CW.11A.12R.A13Y.07" 0.066 0.0686 0.0674 0.0734 0.0717 0.0707 0.4598 0.1225
"TCGA.EM.A1CW.01A.21R.A13Y.07" 0.0388 0.045 0.0459 0.1074 0.103 0.0984 0.3344 0.2271
"TCGA.EM.A1YA.01A.11R.A14Y.07" 0.061 0.0684 0.0717 0.046 0.046 0.0495 0.2637 0.3937
"TCGA.EM.A1YB.01A.11R.A14Y.07" 0.0819 0.0979 0.0957 0 0 0 0.268 0.4566
"TCGA.EM.A1YC.11A.11R.A14Y.07" 0.1249 0.1448 0.1515 0.0556 0.0519 0.0577 0.2442 0.1693
"TCGA.EM.A1YC.01A.11R.A14Y.07" 0.0434 0.0515 0.0473 0 0 0 0.6524 0.2054
"TCGA.EM.A1YD.01A.11R.A14Y.07" 0.0384 0.0447 0.0432 0.0654 0.0688 0.0642 0.4864 0.1889
"TCGA.EM.A1YE.01A.11R.A14Y.07" 0.0282 0.0332 0.0341 0.0629 0.0671 0.0608 0.359 0.3547
"TCGA.EM.A22I.01A.11R.A180.07" 0.016 0.018 0.0191 0.1774 0.1634 0.1645 0.1847 0.2568
"TCGA.EM.A22J.01A.11R.A180.07" 0.0678 0.0854 0.084 0 0 0 0.2367 0.526
"TCGA.EM.A22K.01A.11R.A180.07" 0.0626 0.0779 0.0718 0.0134 0.014 0.0125 0.2731 0.4746
"TCGA.EM.A22L.01A.11R.A180.07" 0.0278 0.0357 0.0349 0.0585 0.0645 0.0548 0.1389 0.5849
"TCGA.EM.A22M.01A.11R.A32Y.07" 0.0222 0.0293 0.0282 0.1132 0.0975 0.1121 0 0.5975
"TCGA.EM.A22N.01A.11R.A180.07" 0.0064 0.0076 0.0073 0.0964 0.1035 0.0927 0.2329 0.4532
"TCGA.EM.A22O.01A.11R.A180.07" 0.0131 0.0167 0.0162 0.0778 0.0675 0.0746 0.1814 0.5527
"TCGA.EM.A22P.01A.11R.A19O.07" 0.2455 0.2506 0.2484 0.049 0.0557 0.0484 0.0277 0.0747
"TCGA.EM.A22Q.01A.11R.A180.07" 0.0527 0.0602 0.0656 0.0655 0.0593 0.0672 0 0.6295
"TCGA.EM.A2CJ.01A.11R.A180.07" 0.0716 0.0657 0.065 0.0505 0.0465 0.0453 0.2329 0.4224
"TCGA.EM.A2CK.01A.11R.A180.07" 0.0058 0.0069 0.0066 0.2139 0.2252 0.2065 0.1898 0.1453
"TCGA.EM.A2CL.01A.11R.A180.07" 0.0505 0.064 0.0623 0.0414 0.0451 0.038 0.2995 0.3993
"TCGA.EM.A2CN.01A.11R.A19O.07" 0.0046 0.0048 0.0051 0.2604 0.2676 0.2495 0.1257 0.0823
"TCGA.EM.A2CO.01A.11R.A19O.07" 0.0069 0.008 0.0081 0.0756 0.0695 0.0689 0.1926 0.5704
"TCGA.EM.A2CP.01A.11R.A180.07" 0.2912 0.2946 0.2877 0.0183 0.0164 0.0181 0.0327 0.041
"TCGA.EM.A2CQ.01A.11R.A180.07" 0.0524 0.0598 0.0612 0.0641 0.0598 0.0581 0.2853 0.3593
"TCGA.EM.A2CR.01A.11R.A180.07" 0 0 0 0 0 0 0 1
"TCGA.EM.A2CS.06A.11R.A180.07" 0.0193 0.02 0.0197 0.259 0.2359 0.2418 0.0569 0.1474
"TCGA.EM.A2CS.01A.11R.A180.07" 0.0204 0.0207 0.0205 0.2418 0.2113 0.2313 0.1063 0.1477
"TCGA.EM.A2CT.01A.11R.A180.07" 0.0533 0.0633 0.0602 0.0434 0.0412 0.0393 0.2893 0.41
"TCGA.EM.A2CU.01A.12R.A180.07" 0.066 0.0755 0.0708 0.0848 0.0739 0.0814 0.1994 0.3482
"TCGA.EM.A2OV.01A.11R.A206.07" 0.0459 0.0524 0.0532 0.0488 0.0535 0.0468 0.6993 0
"TCGA.EM.A2OW.01A.11R.A206.07" 0.0609 0.0691 0.0709 0.0687 0.0634 0.0617 0.4118 0.1934
"TCGA.EM.A2OX.01A.11R.A206.07" 0.0285 0.029 0.0287 0.1379 0.1199 0.1355 0.1902 0.3303
"TCGA.EM.A2OY.01A.11R.A206.07" 0.0025 0.0029 0.0028 0 0 0 0.3933 0.5986
"TCGA.EM.A2OZ.01A.11R.A206.07" 0.049 0.0523 0.0513 0.0609 0.0544 0.0569 0.2272 0.448
"TCGA.EM.A2P0.01A.11R.A206.07" 0.0386 0.0398 0.0391 0.086 0.0866 0.0813 0.3306 0.2979
"TCGA.EM.A2P1.06A.11R.A206.07" 0.1674 0.1786 0.1703 0.0605 0.0684 0.0597 0.1083 0.1867
"TCGA.EM.A2P1.01A.11R.A206.07" 0.3128 0.2786 0.2711 0 0 0 0.0326 0.1049
"TCGA.EM.A2P2.01A.11R.A206.07" 0.0595 0.0687 0.0642 0.0481 0.0431 0.0442 0.2118 0.4606
"TCGA.EM.A2P3.01A.11R.A206.07" 0 0 0 0.2055 0.2333 0.205 0.1672 0.189
"TCGA.EM.A3AI.01A.11R.A206.07" 0.072 0.0889 0.0852 0.0616 0.0559 0.0561 0.2497 0.3306
"TCGA.EM.A3AJ.01A.11R.A206.07" 0.2301 0.2743 0.2695 0.0306 0.0328 0.0301 0.1327 0
"TCGA.EM.A3AK.01A.11R.A206.07" 0.0375 0.0387 0.0398 0.1407 0.1293 0.1384 0.1751 0.3005
"TCGA.EM.A3AL.01A.11R.A206.07" 0.0621 0.0661 0.0634 0 0 0 0.2729 0.5356
"TCGA.EM.A3AN.01A.11R.A206.07" 0.0163 0.021 0.0215 0.0645 0.057 0.0549 0.3762 0.3885
"TCGA.EM.A3AO.01A.11R.A206.07" 0.0605 0.0739 0.0734 0.1235 0.1067 0.1222 0.1135 0.3263
"TCGA.EM.A3AP.01A.12R.A20F.07" 0 0 0 0.1247 0.1188 0.1111 0.3463 0.2991
"TCGA.EM.A3AQ.01A.11R.A20F.07" 0.0169 0.0202 0.021 0.2744 0.2762 0.2473 0.0433 0.1008
"TCGA.EM.A3AR.01A.12R.A20F.07" 0.0111 0.0115 0.0114 0.2588 0.2415 0.2435 0.1366 0.0855
"TCGA.EM.A3FJ.01A.11R.A21D.07" 0.004 0.0041 0.0041 0.1567 0.1354 0.1541 0.3312 0.2104
"TCGA.EM.A3FK.01A.11R.A21D.07" 0.0449 0.0529 0.0502 0.0342 0.0336 0.0358 0.3214 0.427
"TCGA.EM.A3FL.01A.11R.A21D.07" 0 0 0 0.039 0.0375 0.0354 0.6207 0.2674
"TCGA.EM.A3FM.01A.11R.A21D.07" 0 0 0 0.1295 0.1428 0.1274 0.1392 0.4611
"TCGA.EM.A3FN.01A.11R.A21D.07" 0.0352 0.0453 0.0448 0 0 0 0.2787 0.596
"TCGA.EM.A3FO.01A.11R.A21D.07" 0.0017 0.0018 0.002 0.1671 0.1497 0.1523 0.2477 0.2778
"TCGA.EM.A3FP.01A.11R.A21D.07" 0.057 0.0728 0.0711 0.0939 0.1006 0.0896 0.1161 0.3989
"TCGA.EM.A3FQ.06A.11R.A21D.07" 0.0766 0.0871 0.0809 0.0635 0.0552 0.0625 0.1109 0.4633
"TCGA.EM.A3FQ.01A.11R.A21D.07" 0.154 0.1958 0.1925 0.0377 0.0327 0.0373 0.0846 0.2654
"TCGA.EM.A3FR.01A.11R.A220.07" 0.0496 0.0555 0.059 0.0569 0.0567 0.057 0.3878 0.2776
"TCGA.EM.A3O3.01A.11R.A220.07" 0.0655 0.0796 0.0738 0.1212 0.1308 0.1189 0 0.4103
"TCGA.EM.A3O6.01A.11R.A220.07" 0.0711 0.0913 0.0893 0.063 0.0565 0.058 0.2501 0.3208
"TCGA.EM.A3O7.01A.11R.A220.07" 0.0013 0.0017 0.0016 0.1801 0.1661 0.1784 0.2688 0.2021
"TCGA.EM.A3O8.01A.11R.A220.07" 0.052 0.0662 0.0645 0.0459 0.041 0.0416 0.3793 0.3095
"TCGA.EM.A3O9.01A.11R.A220.07" 0.0436 0.0511 0.0498 0.1125 0.1088 0.0997 0.0039 0.5305
"TCGA.EM.A3OA.01A.11R.A220.07" 0.0154 0.0178 0.0181 0.0557 0.0514 0.0493 0.333 0.4595
"TCGA.EM.A3OB.01A.11R.A220.07" 0.0814 0.0809 0.0763 0.0551 0.054 0.0587 0.3248 0.2687
"TCGA.EM.A3ST.11A.11R.A22U.07" 0.0452 0.054 0.056 0.1043 0.0952 0.0947 0.2033 0.3472
"TCGA.EM.A3ST.01A.11R.A22U.07" 0.0703 0.0859 0.0868 0.0623 0.0571 0.0556 0.024 0.558
"TCGA.EM.A3SU.06A.11R.A22U.07" 0.2734 0.283 0.2717 0.0199 0.0219 0.0203 0 0.1098
"TCGA.EM.A3SU.01A.11R.A22U.07" 0 0 0 0.1725 0.1494 0.168 0.1308 0.3794
"TCGA.EM.A3SX.01A.11R.A22U.07" 0.0153 0.0192 0.0201 0.1728 0.1666 0.1472 0.1867 0.2722
"TCGA.EM.A3SY.01A.11R.A22U.07" 0.0825 0.0847 0.0915 0.0295 0.0326 0.0283 0.0565 0.5943
"TCGA.EM.A3SZ.01A.11R.A22U.07" 0.0237 0.0278 0.0257 0.0479 0.0535 0.0465 0.3042 0.4708
"TCGA.EM.A4FF.01A.11R.A250.07" 0.0013 0.0013 0.0013 0.1162 0.132 0.1141 0.2065 0.4274
"TCGA.EM.A4FH.01A.11R.A250.07" 0.0413 0.054 0.0529 0.0397 0.0362 0.0362 0.5023 0.2376
"TCGA.EM.A4FK.01A.11R.A250.07" 0.0334 0.0384 0.0395 0 0 0 0.3259 0.5629
"TCGA.EM.A4FM.01A.11R.A250.07" 0.0512 0.0527 0.0535 0.099 0.1107 0.099 0.1554 0.3785
"TCGA.EM.A4FN.01A.11R.A250.07" 0.0483 0.0598 0.0603 0.081 0.07 0.0787 0.1754 0.4265
"TCGA.EM.A4FO.01A.11R.A250.07" 0.2722 0.3091 0.2892 0.0025 0.0022 0.0024 0.0083 0.1141
"TCGA.EM.A4FQ.01A.11R.A250.07" 0.0472 0.0555 0.0561 0.0779 0.0761 0.0795 0.1903 0.4173
"TCGA.EM.A4FR.01A.11R.A250.07" 0.0632 0.0757 0.0707 0.0791 0.0685 0.0736 0.2029 0.3662
"TCGA.EM.A4FU.01A.11R.A250.07" 0.0683 0.0833 0.0802 0.036 0.0387 0.0333 0.2464 0.4138
"TCGA.EM.A4FV.01A.11R.A250.07" 0.0831 0.0886 0.086 0.1154 0.1127 0.1074 0.1446 0.2621
"TCGA.EM.A4G1.01A.11R.A250.07" 0 0 0 0.1522 0.1486 0.168 0.2318 0.2994
"TCGA.ET.A25G.01A.11R.A16R.07" 0.0209 0.0239 0.0255 0.0379 0.0347 0.0343 0.3429 0.4799
"TCGA.ET.A25I.01A.11R.A16R.07" 0.0739 0.0784 0.0762 0.0709 0.0711 0.0729 0.2003 0.3564
"TCGA.ET.A25J.01A.11R.A16R.07" 0.0395 0.0404 0.0414 0.077 0.0745 0.0715 0.1535 0.5022
"TCGA.ET.A25K.01A.11R.A16R.07" 0.0198 0.0205 0.0203 0.2093 0.2398 0.2048 0.1046 0.1807
"TCGA.ET.A25L.01A.11R.A16R.07" 0.0411 0.0423 0.0428 0.0998 0.0921 0.0911 0.2154 0.3753
"TCGA.ET.A25M.01A.11R.A16R.07" 0 0 0 0.2175 0.2477 0.2178 0.1773 0.1397
"TCGA.ET.A25N.01A.11R.A16R.07" 0.0737 0.0913 0.0885 0.067 0.0623 0.0617 0.1905 0.365
"TCGA.ET.A25O.01A.11R.A16R.07" 0.0113 0.0111 0.0111 0.162 0.1477 0.1608 0.2912 0.205
"TCGA.ET.A25P.01A.11R.A16R.07" 0.0304 0.0371 0.0345 0.1763 0.1836 0.1616 0.0788 0.2978
"TCGA.ET.A25R.01A.11R.A16R.07" 0.0271 0.0287 0.0275 0.1577 0.1795 0.1573 0.1401 0.2821
"TCGA.ET.A2MX.11C.11R.A23N.07" 0.0638 0.0738 0.0754 0.0474 0.0426 0.0492 0.3751 0.2726
"TCGA.ET.A2MX.01A.11R.A23N.07" 0.0531 0.0574 0.0613 0.0618 0.0566 0.0663 0.2099 0.4335
"TCGA.ET.A2MY.01A.11R.A18C.07" 0 0 0 0.2117 0.1934 0.2091 0.1262 0.2596
"TCGA.ET.A2MZ.01A.12R.A19O.07" 0.016 0.0195 0.0193 0.108 0.1049 0.1013 0.3328 0.2982
"TCGA.ET.A2N0.01A.11R.A18C.07" 0.0721 0.084 0.0816 0.074 0.0647 0.0756 0 0.548
"TCGA.ET.A2N3.01B.21R.A23N.07" 0.0936 0.0977 0.1054 0 0 0 0.2105 0.4928
"TCGA.ET.A2N4.01A.12R.A19O.07" 0 0 0 0.2206 0.1924 0.2102 0.1686 0.2081
"TCGA.ET.A2N5.11B.11R.A18C.07" 0.0958 0.1015 0.0983 0.0472 0.0429 0.0428 0.1853 0.3861
"TCGA.ET.A2N5.01A.11R.A18C.07" 0.0342 0.0436 0.0428 0.0841 0.0919 0.0799 0.2333 0.3902
"TCGA.ET.A39I.01A.11R.A19O.07" 0.0332 0.0403 0.0379 0.1437 0.1559 0.1325 0.1786 0.2778
"TCGA.ET.A39J.01A.11R.A19O.07" 0.014 0.0146 0.0144 0.1695 0.1932 0.167 0.1918 0.2355
"TCGA.ET.A39K.01A.11R.A19O.07" 0.0354 0.0452 0.049 0.1969 0.1864 0.1661 0 0.3209
"TCGA.ET.A39L.01A.12R.A19O.07" 0.0186 0.019 0.0186 0.1387 0.1468 0.1349 0.3224 0.2011
"TCGA.ET.A39M.01A.11R.A19O.07" 0.0479 0.0557 0.0523 0.1443 0.1248 0.1411 0 0.4338
"TCGA.ET.A39N.01A.11R.A19O.07" 0.0257 0.0295 0.0304 0.0705 0.0618 0.0706 0.2741 0.4375
"TCGA.ET.A39O.01A.11R.A19O.07" 0 0 0 0.0817 0.0914 0.0802 0.3606 0.3862
"TCGA.ET.A39P.01A.21R.A19O.07" 0.0094 0.0116 0.0114 0.1385 0.1275 0.1413 0.2129 0.3474
"TCGA.ET.A39R.01A.11R.A19O.07" 0.0408 0.0423 0.0414 0.0692 0.079 0.0673 0.137 0.523
"TCGA.ET.A39S.01A.11R.A19O.07" 0.0067 0.0071 0.0068 0.2556 0.2354 0.2449 0.1079 0.1356
"TCGA.ET.A39T.01A.11R.A19O.07" 0 0 0 0.0719 0.0636 0.0737 0.3512 0.4397
"TCGA.ET.A3BN.01A.11R.A19O.07" 0.038 0.0405 0.044 0.2134 0.2352 0.1971 0.1286 0.1032
"TCGA.ET.A3BO.01A.11R.A19O.07" 0.0974 0.0996 0.1015 0.0745 0.0823 0.0734 0.1315 0.3399
"TCGA.ET.A3BP.01A.21R.A19O.07" 0.0444 0.0555 0.0543 0.0675 0.0623 0.0626 0.2474 0.4059
"TCGA.ET.A3BQ.01B.11R.A206.07" 0.0042 0.0043 0.0043 0.1883 0.2143 0.1845 0.1596 0.2405
"TCGA.ET.A3BS.01A.11R.A206.07" 0.108 0.1097 0.1084 0.1259 0.1431 0.1271 0.1382 0.1397
"TCGA.ET.A3BT.01A.11R.A19O.07" 0.0054 0.0071 0.0071 0.1921 0.1614 0.1617 0.2698 0.1953
"TCGA.ET.A3BU.01A.11R.A19O.07" 0.0202 0.0257 0.0264 0.1504 0.145 0.1416 0.2072 0.2835
"TCGA.ET.A3BV.01A.11R.A19O.07" 0.1144 0.1162 0.1158 0.0754 0.0691 0.0691 0.1291 0.3108
"TCGA.ET.A3BW.01A.11R.A19O.07" 0.0155 0.0153 0.0153 0.1979 0.1778 0.1954 0.176 0.2068
"TCGA.ET.A3BX.01A.11R.A19O.07" 0 0 0 0.0583 0.058 0.0544 0.3622 0.467
"TCGA.ET.A3DO.01A.11R.A19O.07" 0.1744 0.1858 0.1772 0.019 0.0213 0.0187 0.1255 0.2781
"TCGA.ET.A3DP.11A.22R.A21D.07" 0.1612 0.1722 0.165 0.0625 0.0641 0.0627 0.3122 0
"TCGA.ET.A3DP.01A.11R.A21D.07" 0.088 0.0897 0.0885 0.1525 0.1738 0.152 0.0876 0.1679
"TCGA.ET.A3DQ.01A.11R.A19O.07" 0.226 0.2754 0.2677 0.0362 0.0371 0.034 0.055 0.0686
"TCGA.ET.A3DR.01A.11R.A19O.07" 0.0163 0.0165 0.0167 0.138 0.1389 0.1221 0.3395 0.2119
"TCGA.ET.A3DS.01A.11R.A19O.07" 0 0 0 0 0 0 0.6207 0.3793
"TCGA.ET.A3DT.01A.11R.A19O.07" 0.2131 0.217 0.2138 0.0337 0.0388 0.0335 0.053 0.1971
"TCGA.ET.A3DU.01A.11R.A19O.07" 0.1841 0.2063 0.201 0.021 0.0242 0.0209 0.0435 0.2989
"TCGA.ET.A3DV.01A.12R.A206.07" 0.0552 0.0599 0.0578 0.0423 0.0467 0.0404 0.3012 0.3964
"TCGA.ET.A3DW.11A.11R.A19O.07" 0.0616 0.0711 0.0729 0.0425 0.0386 0.0388 0.295 0.3796
"TCGA.ET.A3DW.01A.11R.A19O.07" 0.0175 0.0213 0.0197 0.0971 0.1095 0.0949 0.3253 0.3148
"TCGA.ET.A40P.01A.11R.A23N.07" 0 0 0 0 0 0 0.249 0.751
"TCGA.ET.A40Q.01A.11R.A23N.07" 0 0 0 0.1018 0.1174 0.1007 0.2442 0.4359
"TCGA.ET.A40R.01A.11R.A23N.07" 0.1097 0.1334 0.1298 0.0595 0.0638 0.055 0.1142 0.3346
"TCGA.ET.A40S.01A.11R.A23N.07" 0.0836 0.1002 0.0978 0.0655 0.0564 0.0636 0.0978 0.4351
"TCGA.ET.A40T.01A.11R.A23N.07" 0.0894 0.0925 0.0905 0.0568 0.0627 0.0559 0.2205 0.3316
"TCGA.ET.A4KN.01A.11R.A250.07" 0.0602 0.0693 0.0684 0.1099 0.1221 0.112 0 0.4582
"TCGA.ET.A4KQ.01A.12R.A250.07" 0.0102 0.0109 0.0105 0.2137 0.2195 0.1971 0.1788 0.1595
"TCGA.FE.A22Z.01A.11R.A16R.07" 0.0203 0.0203 0.0203 0.1883 0.2144 0.1878 0.1563 0.1922
"TCGA.FE.A230.01A.11R.A14Y.07" 0.1435 0.1585 0.1545 0.0309 0.035 0.0305 0.1392 0.308
"TCGA.FE.A231.01A.11R.A14Y.07" 0.0439 0.0453 0.0447 0.1031 0.1187 0.1013 0.2636 0.2794
"TCGA.FE.A232.01A.11R.A14Y.07" 8e-04 8e-04 8e-04 0.1583 0.1369 0.1547 0.2791 0.2687
"TCGA.FE.A233.01A.11R.A14Y.07" 0.0452 0.0519 0.0514 0.0384 0.0417 0.0385 0.2274 0.5055
"TCGA.FE.A234.01A.11R.A14Y.07" 0.0283 0.0252 0.0248 0.0709 0.0784 0.0694 0.2575 0.4456
"TCGA.FE.A235.01A.11R.A16R.07" 0.0246 0.0315 0.0328 0.2399 0.2151 0.2069 0.0753 0.1741
"TCGA.FE.A236.01A.11R.A16R.07" 0.0524 0.064 0.0649 0.0281 0.0285 0.0262 0.2492 0.4866
"TCGA.FE.A237.01A.11R.A16R.07" 0.0475 0.05 0.0486 0.1076 0.0988 0.0973 0.2217 0.3285
"TCGA.FE.A238.01A.11R.A16R.07" 0.0349 0.039 0.0394 0.0513 0.0468 0.0506 0.3094 0.4286
"TCGA.FE.A239.01A.11R.A16R.07" 0 0 0 0.0561 0.0614 0.0532 0.5764 0.2529
"TCGA.FE.A23A.01A.11R.A16R.07" 0.1263 0.1415 0.138 0.052 0.0579 0.0506 0.1235 0.3102
"TCGA.FE.A3PA.01A.12R.A220.07" 0.0123 0.0157 0.0142 0.1985 0.1928 0.1781 0.1741 0.2144
"TCGA.FE.A3PB.01A.11R.A220.07" 0.0995 0.1016 0.1033 0.091 0.1036 0.0916 0.1484 0.2612
"TCGA.FE.A3PC.01A.11R.A220.07" 0.0449 0.056 0.0602 0.0572 0.0626 0.058 0.2828 0.3783
"TCGA.FE.A3PD.01A.11R.A220.07" 0.0581 0.0648 0.0646 0.0579 0.0611 0.0515 0.1623 0.4797
"TCGA.FK.A3S3.01A.11R.A22L.07" 0.0125 0.0128 0.0126 0.2466 0.223 0.242 0.0526 0.1979
"TCGA.FK.A3SB.01A.11R.A22L.07" 0.0197 0.0203 0.0199 0.2075 0.2106 0.2047 0.0839 0.2333
"TCGA.FK.A3SD.01A.11R.A22L.07" 0.0049 0.006 0.0058 0.0603 0.0557 0.0573 0.2399 0.5702
