"CD4_na" "CD4_cenm" "CD4_efm" "CD8_na" "CD8_cenm" "CD8_efm" "Treg" "T gamma delta"
"TCGA.2E.A9G8.01A.11R.A40A.07" 0.1354 0.1729 0.177 0.0932 0.0848 0.0969 0.0631 0.1767
"TCGA.4E.A92E.01A.11R.A37O.07" 0.0662 0.0882 0.0915 0.138 0.1403 0.1192 0.1267 0.23
"TCGA.5B.A90C.01A.11R.A37O.07" 0.0798 0.0827 0.0835 0.0894 0.0807 0.0884 0.2961 0.1994
"TCGA.5S.A9Q8.01A.11R.A40A.07" 0.111 0.0989 0.1063 0.0493 0.0461 0.0574 0.2449 0.286
"TCGA.A5.A1OH.01A.21R.A22K.07" 0.0404 0.0478 0.0491 0.2044 0.2062 0.1791 0.1496 0.1234
"TCGA.A5.A2K2.01A.11R.A18M.07" 0.0969 0.1273 0.122 0.1443 0.1289 0.1616 0.0968 0.1221
"TCGA.A5.A2K3.01A.11R.A32Y.07" 0.311 0.2512 0.2673 0 0 0 0 0.1705
"TCGA.A5.A2K4.01A.11R.A18M.07" 0.0742 0.1019 0.0915 0.1566 0.1482 0.1402 0.1245 0.1629
"TCGA.A5.A2K5.01A.11R.A180.07" 0.0676 0.0699 0.0707 0.199 0.1885 0.2152 0.0575 0.1315
"TCGA.A5.A2K7.01A.11R.A180.07" 0.0454 0.0619 0.061 0.2155 0.1866 0.1967 0.1137 0.1192
"TCGA.A5.A3LO.01A.11R.A22K.07" 0.0582 0.0746 0.0728 0.1814 0.163 0.1529 0.1709 0.1261
"TCGA.A5.A3LP.01A.11R.A22K.07" 0.1317 0.1565 0.1736 0.0873 0.098 0.07 0.1155 0.1674
"TCGA.A5.A7WJ.01A.12R.A34R.07" 0.1531 0.2038 0.2086 0.0173 0.0187 0.0156 0.1882 0.1949
"TCGA.A5.A7WK.01A.11R.A34R.07" 0.111 0.1436 0.1403 0.089 0.1025 0.0748 0.1652 0.1737
"TCGA.A5.AB3J.01A.11R.A40A.07" 0.0765 0.0827 0.0853 0.2098 0.1831 0.1735 0.1199 0.069
"TCGA.AJ.A23N.01A.11R.A22K.07" 0.1023 0.1412 0.1394 0.074 0.0729 0.0634 0.1847 0.2219
"TCGA.AJ.A2QM.01A.11R.A18M.07" 0.0694 0.0963 0.1009 0.1001 0.1023 0.0868 0.2669 0.1772
"TCGA.AJ.A2QO.01A.11R.A32Y.07" 0.0573 0.0707 0.0721 0.2477 0.2255 0.2108 0.0393 0.0765
"TCGA.AJ.A3BD.01A.11R.A19W.07" 0.1154 0.1569 0.176 0.0644 0.0567 0.0703 0.0733 0.287
"TCGA.AJ.A3BF.01A.11R.A213.07" 0.0905 0.1115 0.1164 0.1402 0.1169 0.1205 0.1662 0.1378
"TCGA.AJ.A3BG.01A.11R.A19W.07" 0.132 0.1576 0.1697 0.0662 0.0564 0.077 0.1172 0.2239
"TCGA.AJ.A3BH.01A.11R.A19W.07" 0.0699 0.0837 0.0729 0.1794 0.1745 0.1388 0.0912 0.1895
"TCGA.AJ.A3BI.01A.11R.A213.07" 0.1261 0.1308 0.1308 0.068 0.0667 0.077 0.0807 0.3198
"TCGA.AJ.A3BK.01A.11R.A19W.07" 0.1124 0.1165 0.1165 0.0835 0.0799 0.0917 0.0703 0.3292
"TCGA.AJ.A3EJ.01A.11R.A19W.07" 0.063 0.0657 0.0669 0.1958 0.1897 0.1606 0.16 0.0982
"TCGA.AJ.A3EK.01A.11R.A19W.07" 0.1344 0.1685 0.1567 0.1318 0.128 0.1231 0.064 0.0934
"TCGA.AJ.A3EL.01A.11R.A213.07" 0.0566 0.0725 0.0804 0.1699 0.1631 0.1448 0.0548 0.2578
"TCGA.AJ.A3EM.01A.11R.A213.07" 0.0213 0.0303 0.0292 0.2445 0.2203 0.2683 0.0952 0.0909
"TCGA.AJ.A3I9.01A.11R.A22K.07" 0.0725 0.0929 0.0908 0.1371 0.1246 0.1482 0.1009 0.2331
"TCGA.AJ.A3IA.01A.11R.A213.07" 0.0757 0.0967 0.1024 0.1431 0.1279 0.123 0.1955 0.1355
"TCGA.AJ.A3NC.11A.11R.A22K.07" 0.0251 0.035 0.0324 0.293 0.2559 0.2467 0.0482 0.0637
"TCGA.AJ.A3NC.01A.11R.A22K.07" 0.1234 0.144 0.1435 0.0434 0.0377 0.0393 0.2659 0.2028
"TCGA.AJ.A3NE.11A.11R.A22K.07" 0.0302 0.0419 0.0376 0.2374 0.2563 0.2057 0.1116 0.0794
"TCGA.AJ.A3NE.01A.11R.A22K.07" 0.1026 0.1347 0.1245 0.1067 0.1107 0.112 0.1185 0.1903
"TCGA.AJ.A3NF.01A.11R.A22K.07" 0.0917 0.0964 0.0981 0.1666 0.1616 0.1182 0.1363 0.131
"TCGA.AJ.A3NG.01A.11R.A22K.07" 0.0652 0.0799 0.0753 0.1435 0.1431 0.1283 0.2178 0.1469
"TCGA.AJ.A3NH.11A.11R.A22K.07" 0.0145 0.019 0.0185 0.3333 0.2499 0.2655 0.0506 0.0486
"TCGA.AJ.A3NH.01A.11R.A22K.07" 0.0825 0.1079 0.1057 0.1318 0.137 0.1132 0.1519 0.1701
"TCGA.AJ.A3OJ.01A.11R.A22K.07" 0.0397 0.0492 0.0553 0.192 0.1722 0.2113 0.1253 0.155
"TCGA.AJ.A3OK.01A.12R.A22K.07" 0.1276 0.1725 0.1617 0.1215 0.1154 0.1024 0.095 0.1039
"TCGA.AJ.A3OL.01A.11R.A22K.07" 0.0053 0.0067 0.0066 0.2721 0.2877 0.2452 0.0851 0.0913
"TCGA.AJ.A3QS.01A.11R.A22K.07" 0.0755 0.0981 0.0901 0.1951 0.1864 0.1646 0.0796 0.1106
"TCGA.AJ.A3TW.01A.11R.A22K.07" 0.2403 0.3189 0.3276 0 0 0 0.0075 0.1057
"TCGA.AJ.A5DV.01A.11R.A27V.07" 0.0906 0.1231 0.1117 0.1124 0.1189 0.1187 0.1369 0.1877
"TCGA.AJ.A5DW.01A.11R.A27V.07" 0.0074 0.0074 0.0074 0.2376 0.2345 0.2775 0.0956 0.1326
"TCGA.AJ.A6NU.01A.11R.A34R.07" 0.1575 0.1933 0.1793 0.0655 0.0611 0.0691 0.137 0.1372
"TCGA.AJ.A8CT.01A.11R.A37O.07" 0.2147 0.2365 0.2092 0.0816 0.0793 0.0707 0.0449 0.0631
"TCGA.AJ.A8CV.01A.11R.A37O.07" 0.1224 0.1441 0.1164 0.098 0.0907 0.1043 0.1056 0.2185
"TCGA.AJ.A8CW.01A.11R.A37O.07" 0.0958 0.1173 0.1247 0.0918 0.0833 0.1001 0.1231 0.2638
"TCGA.AP.A3K1.01A.11R.A213.07" 0.0625 0.0782 0.0758 0.204 0.1848 0.1922 0.0732 0.1293
"TCGA.AP.A5FX.01A.11R.A27V.07" 0.1535 0.1351 0.1257 0.1254 0.1185 0.1058 0.103 0.1329
"TCGA.AX.A05W.01A.21R.A466.07" 0.1811 0.2466 0.2057 0.0569 0.0557 0.0487 0.0672 0.1381
"TCGA.AX.A05Y.11A.11R.A27V.07" 0.0176 0.0247 0.023 0.3139 0.2708 0.2597 0.0436 0.0468
"TCGA.AX.A0IZ.11A.11R.A27V.07" 0 0 0 0.2715 0.2906 0.2441 0.1122 0.0815
"TCGA.AX.A0J0.11A.11R.A27V.07" 0.0221 0.0308 0.0286 0.255 0.2721 0.2227 0.0919 0.0767
"TCGA.AX.A1C7.01A.11R.A137.07" 0.119 0.1417 0.1689 0.0941 0.0809 0.085 0.1029 0.2076
"TCGA.AX.A2H4.01A.21R.A18M.07" 0.2261 0.2709 0.2415 0.069 0.0613 0.0621 0 0.069
"TCGA.AX.A2HC.11A.11R.A32Y.07" 0.0617 0.0628 0.0634 0.1704 0.1724 0.116 0.1362 0.2171
"TCGA.AX.A2HD.11A.11R.A32Y.07" 0.0509 0.0544 0.0544 0.2366 0.2102 0.1866 0.0832 0.1238
"TCGA.AX.A2HH.01A.11R.A32Y.07" 0.113 0.1487 0.1419 0.0701 0.0576 0.0584 0.1523 0.258
"TCGA.AX.A2IN.01A.12R.A180.07" 0.0325 0.0334 0.034 0.2675 0.2698 0.1861 0.0757 0.101
"TCGA.AX.A3FS.01A.11R.A22K.07" 0.0844 0.1017 0.1002 0.1797 0.1479 0.1531 0.0737 0.1592
"TCGA.AX.A3FT.01A.11R.A22K.07" 0.2372 0.1855 0.1766 0.0617 0.0557 0.0589 0.0252 0.1991
"TCGA.AX.A3FV.01A.11R.A22K.07" 0.2139 0.2171 0.1919 0.0996 0.073 0.0814 0.0568 0.0662
"TCGA.AX.A3FW.01A.11R.A22K.07" 0.1022 0.1497 0.1336 0.137 0.1231 0.1506 0.0943 0.1095
"TCGA.AX.A3FX.01A.11R.A22K.07" 0.0729 0.0757 0.0725 0.2046 0.1897 0.2198 0.0707 0.0942
"TCGA.AX.A3FZ.01A.11R.A22K.07" 0.0449 0.0568 0.0614 0.0716 0.0631 0.067 0.2338 0.4014
"TCGA.AX.A3G1.01A.11R.A22K.07" 0.158 0.1651 0.1656 0.1066 0.1044 0.0899 0.0875 0.1229
"TCGA.AX.A3G3.01A.11R.A213.07" 0.1048 0.1301 0.1405 0.0759 0.0718 0.0792 0.0801 0.3177
"TCGA.AX.A3G4.01A.11R.A213.07" 0.0205 0.0215 0.0219 0.2691 0.2572 0.1879 0.1481 0.0738
"TCGA.AX.A3G6.01A.11R.A213.07" 0.1615 0.2013 0.2178 0.0646 0.0599 0.0545 0.0704 0.1701
"TCGA.AX.A3G7.01A.12R.A213.07" 0.0902 0.1271 0.124 0.1221 0.1206 0.1386 0.1112 0.1661
"TCGA.AX.A3G8.01A.11R.A22K.07" 0.1365 0.1741 0.1793 0.0755 0.0554 0.0592 0.1233 0.1965
"TCGA.AX.A3G9.01A.11R.A22K.07" 0.0529 0.068 0.0638 0.1071 0.0951 0.1169 0.1722 0.3242
"TCGA.AX.A3GB.01A.11R.A22K.07" 0.1042 0.1001 0.0977 0.1454 0.1384 0.1548 0.1213 0.1382
"TCGA.AX.A3GI.01A.11R.A213.07" 0.0715 0.1207 0.1082 0.1342 0.1481 0.1169 0.0938 0.2067
"TCGA.B5.A0JN.01A.11R.A104.07" 0.0428 0.0567 0.0575 0.2128 0.1947 0.1805 0.0937 0.1613
"TCGA.B5.A0JR.01A.13R.A466.07" 0.0584 0.0743 0.0815 0.1895 0.1652 0.1977 0.0643 0.1691
"TCGA.B5.A0K9.01A.21R.A104.07" 0.1597 0.1328 0.1477 0.0942 0.0833 0.0782 0.1153 0.1888
"TCGA.B5.A11R.01A.11R.A118.07" 0.1153 0.1412 0.1465 0.1433 0.1204 0.1295 0.0782 0.1256
"TCGA.B5.A1MS.01B.11R.A22K.07" 0.0263 0.0309 0.0314 0.2405 0.2519 0.2134 0.1128 0.0927
"TCGA.B5.A1MW.01A.11R.A32Y.07" 0.0481 0.0609 0.0606 0.2301 0.2588 0.2055 0.0673 0.0688
"TCGA.B5.A3F9.01A.21R.A22K.07" 0.0508 0.0672 0.0717 0.1703 0.1649 0.195 0.1223 0.1578
"TCGA.B5.A3FA.01A.11R.A19W.07" 0.042 0.0561 0.0556 0.1745 0.1474 0.1564 0.1399 0.228
"TCGA.B5.A3FB.01A.11R.A19W.07" 0.1123 0.1316 0.1383 0.1152 0.0965 0.1051 0.0977 0.2033
"TCGA.B5.A3FC.01A.11R.A22K.07" 0.0925 0.1088 0.1078 0.0923 0.087 0.098 0.0959 0.3176
"TCGA.B5.A3FD.01A.11R.A19W.07" 0.0208 0.0271 0.0262 0.2894 0.2462 0.2717 0.0501 0.0685
"TCGA.B5.A3FH.01A.11R.A19W.07" 0.0885 0.121 0.1079 0.1334 0.1398 0.1176 0.1033 0.1884
"TCGA.B5.A3S1.01A.11R.A22K.07" 0.0699 0.104 0.1002 0.1837 0.1468 0.1551 0.0509 0.1894
"TCGA.B5.A5OC.01A.21R.A27V.07" 0.082 0.1027 0.0912 0.1883 0.184 0.1596 0.0778 0.1144
"TCGA.B5.A5OD.01A.11R.A31O.07" 0.1618 0.2027 0.2082 0.0475 0.0407 0.0392 0.0791 0.2208
"TCGA.B5.A5OE.01A.11R.A31O.07" 0.0991 0.1368 0.1402 0.123 0.1066 0.105 0.0818 0.2076
"TCGA.BG.A0MK.01A.51R.A19W.07" 0.0967 0.1218 0.1052 0.0902 0.0846 0.0761 0.2391 0.1863
"TCGA.BG.A2AD.11A.11R.A16F.07" 0.0496 0.0522 0.0522 0.2484 0.2364 0.1821 0.0723 0.1069
"TCGA.BG.A3EW.11A.22R.A22K.07" 0.0411 0.0433 0.0433 0.2754 0.2817 0.1939 0.0401 0.0814
"TCGA.BG.A3EW.01A.11R.A22K.07" 0.0961 0.1292 0.1251 0.1046 0.0996 0.0927 0.0928 0.2599
"TCGA.BG.A3PP.11A.11R.A22K.07" 0.0079 0.0108 0.0107 0.2852 0.3095 0.2806 0.0354 0.0599
"TCGA.BG.A3PP.01A.11R.A22K.07" 0.0046 0.0057 0.0053 0.2502 0.2108 0.2853 0.0837 0.1544
"TCGA.BK.A139.02A.11R.A27V.07" 0.0302 0.0295 0.0294 0.2804 0.2774 0.2397 0.0549 0.0584
"TCGA.BK.A13B.01A.51R.A22K.07" 0.0606 0.084 0.08 0.1896 0.1612 0.1594 0.1053 0.1599
"TCGA.BK.A4ZD.11A.12R.A27V.07" 0.0213 0.0217 0.022 0.2707 0.2642 0.1854 0.1118 0.103
"TCGA.BK.A4ZD.01A.11R.A27V.07" 0.0432 0.0538 0.049 0.2182 0.1838 0.2319 0.2054 0.0148
"TCGA.BK.A56F.01A.32R.A27V.07" 0.0346 0.0417 0.0467 0.208 0.1851 0.1945 0.1415 0.148
"TCGA.BK.A6W3.01A.12R.A34R.07" 0.0764 0.0908 0.0924 0.1437 0.1516 0.1573 0.1077 0.1801
"TCGA.BK.A6W4.01A.12R.A34R.07" 0.0179 0.0224 0.0196 0.2776 0.2431 0.2394 0.1204 0.0597
"TCGA.BS.A0V4.01A.11R.A14D.07" 0.1112 0.143 0.1504 0.0795 0.0752 0.0951 0.112 0.2336
"TCGA.BS.A0V7.01A.21R.A118.07" 0.132 0.119 0.1229 0.1177 0.1145 0.1004 0.0311 0.2624
"TCGA.D1.A2G0.01A.11R.A32Y.07" 0.1298 0.1602 0.1724 0.0927 0.1028 0.085 0.0506 0.2064
"TCGA.D1.A3DA.01A.12R.A213.07" 0.1597 0.2036 0.194 0.0298 0.0276 0.0336 0.1394 0.2123
"TCGA.D1.A3DG.01A.11R.A19W.07" 0.0749 0.1072 0.105 0.151 0.1234 0.1367 0.1461 0.1557
"TCGA.D1.A3DH.01A.11R.A19W.07" 0.0617 0.0936 0.0919 0.1497 0.128 0.1487 0.1878 0.1384
"TCGA.D1.A3JP.01A.31R.A22K.07" 0.1888 0.2354 0.2414 0.0553 0.0574 0.0467 0.092 0.083
"TCGA.D1.A3JQ.01A.11R.A22K.07" 0.099 0.1244 0.1392 0.0542 0.0492 0.0581 0.3231 0.1527
"TCGA.DF.A2KN.01A.11R.A180.07" 0.0839 0.1031 0.1063 0.1813 0.1879 0.1676 0.0497 0.1204
"TCGA.DF.A2KR.01A.11R.A180.07" 0.1086 0.1358 0.1453 0.1205 0.1164 0.1325 0.1029 0.138
"TCGA.DF.A2KU.01A.11R.A180.07" 0.1871 0.2328 0.2325 0.0338 0.0315 0.0364 0 0.2458
"TCGA.DF.A2KV.01A.11R.A180.07" 0.1326 0.1718 0.1864 0.0372 0.0343 0.0433 0.1553 0.2391
"TCGA.DF.A2KY.01A.21R.A213.07" 0.1121 0.157 0.1632 0.0666 0.0573 0.0565 0.0588 0.3285
"TCGA.DF.A2KZ.01A.11R.A213.07" 0.0424 0.0545 0.0599 0.2152 0.1759 0.1506 0.0936 0.2079
"TCGA.DF.A2L0.01A.11R.A180.07" 0.0995 0.1036 0.1036 0.1252 0.1174 0.149 0.0685 0.2333
"TCGA.DI.A1BU.01A.11R.A137.07" 0.063 0.0779 0.0799 0.1826 0.1664 0.1875 0.0806 0.1621
"TCGA.DI.A1C3.01A.41R.A137.07" 0.0924 0.0817 0.0835 0.132 0.1289 0.1704 0.1045 0.2066
"TCGA.DI.A2QT.01A.12R.A19W.07" 0.0528 0.0659 0.069 0.1641 0.1437 0.152 0.1895 0.1631
"TCGA.DI.A2QY.11A.11R.A19W.07" 0.0868 0.1004 0.0993 0.1536 0.1445 0.1745 0.0833 0.1575
"TCGA.DI.A2QY.01A.12R.A19W.07" 0.0481 0.0629 0.0732 0.2245 0.1929 0.197 0.0931 0.1083
"TCGA.E6.A2P8.01A.11R.A19W.07" 0.1404 0.1846 0.2083 0.0736 0.0687 0.0836 0.0699 0.1708
"TCGA.E6.A2P9.01A.11R.A19W.07" 0.1288 0.1562 0.1597 0.1584 0.1255 0.1306 0.0834 0.0572
"TCGA.E6.A8L9.01A.21R.A37O.07" 0.0802 0.1149 0.1154 0.1644 0.145 0.1487 0.0965 0.1349
"TCGA.EO.A1Y7.01A.11R.A157.07" 0.1391 0.1692 0.148 0.074 0.0711 0.0688 0.0888 0.241
"TCGA.EO.A22U.01A.11R.A180.07" 0.0753 0.0739 0.0738 0.1752 0.1696 0.1961 0.106 0.13
"TCGA.EO.A22X.01A.11R.A180.07" 0.0514 0.0535 0.0547 0.1851 0.1882 0.1606 0.1026 0.204
"TCGA.EO.A22Y.01A.11R.A180.07" 0.017 0.0233 0.0247 0.2521 0.22 0.2214 0.1565 0.0849
"TCGA.EO.A3AS.01A.11R.A19W.07" 0.0798 0.0819 0.0807 0.1541 0.1497 0.1315 0.2037 0.1186
"TCGA.EO.A3AU.01A.21R.A19W.07" 0.0601 0.0759 0.0659 0.1911 0.1966 0.1776 0.0893 0.1434
"TCGA.EO.A3AV.01A.12R.A19W.07" 0.1085 0.1275 0.1409 0.0458 0.0448 0.049 0.105 0.3786
"TCGA.EO.A3AY.01A.12R.A19W.07" 0.0873 0.1131 0.116 0.0614 0.0577 0.0702 0.0833 0.4112
"TCGA.EO.A3AZ.01A.12R.A19W.07" 0.1198 0.1262 0.1288 0.0866 0.0748 0.0706 0.0329 0.3603
"TCGA.EO.A3B0.01A.12R.A19W.07" 0.0551 0.0594 0.0621 0.2152 0.1982 0.2235 0.0435 0.1431
"TCGA.EO.A3B1.01A.12R.A19W.07" 0.1142 0.1505 0.16 0.0838 0.0881 0.0741 0.1697 0.1597
"TCGA.EO.A3KU.01A.11R.A22K.07" 0.0558 0.0689 0.0716 0.2434 0.2204 0.2076 0.0567 0.0755
"TCGA.EO.A3KW.01A.11R.A22K.07" 0.1088 0.1369 0.132 0.1094 0.1006 0.1163 0.0953 0.2005
"TCGA.EO.A3KX.01A.11R.A22K.07" 0.0267 0.0361 0.0309 0.2599 0.2315 0.2642 0.0841 0.0666
"TCGA.EO.A3L0.01A.11R.A22K.07" 0.0757 0.0821 0.0835 0.1542 0.1355 0.1199 0.2285 0.1206
"TCGA.EY.A1GL.01A.11R.A13S.07" 0.101 0.126 0.1097 0.0846 0.0819 0.0843 0.2002 0.2124
"TCGA.EY.A1GO.01A.11R.A14D.07" 0.069 0.0873 0.0885 0.1811 0.1461 0.1802 0.0662 0.1816
"TCGA.EY.A1GP.01A.11R.A13S.07" 0.0756 0.1003 0.1054 0.087 0.0746 0.0714 0.187 0.2985
"TCGA.EY.A1GX.01A.12R.A13S.07" 0.1466 0.1652 0.1745 0.1406 0.144 0.1241 0.105 0
"TCGA.EY.A210.01A.11R.A157.07" 0.222 0.2836 0.2731 0.0184 0.0167 0.0206 0.042 0.1235
"TCGA.EY.A2ON.01A.21R.A18M.07" 0.0987 0.1313 0.125 0.1278 0.1218 0.1316 0.0762 0.1876
"TCGA.EY.A2OO.01A.11R.A19W.07" 0.0468 0.0609 0.0632 0.1763 0.1825 0.1547 0.1811 0.1346
"TCGA.EY.A2OP.01A.11R.A19W.07" 0.0791 0.1064 0.1083 0.1039 0.11 0.0972 0.1632 0.2319
"TCGA.EY.A2OQ.01A.11R.A19W.07" 0.0393 0.0529 0.0509 0.231 0.2087 0.2271 0.0832 0.1069
"TCGA.EY.A3L3.01A.11R.A22K.07" 0.0325 0.0486 0.0423 0.2157 0.1899 0.2374 0.0894 0.1442
"TCGA.EY.A3QX.01A.11R.A22K.07" 0.1474 0.1958 0.2205 0.0176 0.0158 0.0194 0.2323 0.1511
"TCGA.EY.A4KR.01A.11R.A27V.07" 0.115 0.1405 0.1463 0.1301 0.1353 0.1226 0.0611 0.1491
"TCGA.EY.A547.01A.11R.A27V.07" 0.1117 0.1628 0.1694 0.1374 0.1221 0.1347 0.048 0.114
"TCGA.EY.A548.01A.11R.A27V.07" 0.0842 0.0842 0.0842 0.1193 0.1185 0.139 0.1716 0.199
"TCGA.EY.A549.01A.11R.A27V.07" 0.1375 0.1669 0.1546 0.0893 0.0825 0.0923 0.1103 0.1666
"TCGA.EY.A54A.01A.11R.A27V.07" 0.1017 0.1314 0.1205 0.1252 0.1399 0.1152 0.1219 0.1442
"TCGA.EY.A5W2.01A.11R.A31O.07" 0.0651 0.0662 0.0667 0.1484 0.1401 0.1806 0.0817 0.2512
"TCGA.EY.A72D.01A.12R.A34R.07" 0.1126 0.1438 0.1381 0.1087 0.0929 0.1116 0.1423 0.1499
"TCGA.FI.A2EY.01A.12R.A18M.07" 0.0818 0.095 0.1165 0.1176 0.1057 0.1332 0.1032 0.247
"TCGA.FI.A3PV.01A.11R.A22K.07" 0.0837 0.0742 0.0686 0.2131 0.1743 0.1866 0.1531 0.0462
"TCGA.FI.A3PX.01A.11R.A22K.07" 0.0268 0.0395 0.0358 0.2946 0.2308 0.2389 0.1337 0
"TCGA.FL.A1YF.11A.12R.A16F.07" 0.0595 0.0791 0.0793 0.1971 0.1997 0.1469 0.1472 0.0911
"TCGA.FL.A1YG.11A.12R.A16F.07" 0.0397 0.0402 0.0405 0.2518 0.2487 0.1709 0.0803 0.1278
"TCGA.FL.A1YH.11A.11R.A16F.07" 0.042 0.0413 0.0414 0.2644 0.2735 0.1814 0.0457 0.1104
"TCGA.FL.A1YI.11A.11R.A16F.07" 0.0083 0.0115 0.0113 0.2645 0.235 0.2214 0.1454 0.1025
"TCGA.FL.A1YL.11A.11R.A16F.07" 0.0202 0.0282 0.0275 0.3025 0.2579 0.2576 0.0559 0.0501
"TCGA.FL.A1YN.11A.11R.A32Y.07" 0.0319 0.0343 0.0341 0.2408 0.2518 0.1968 0.1174 0.0929
"TCGA.FL.A1YQ.11A.11R.A32Y.07" 0.0051 0.0052 0.0052 0.2596 0.2551 0.2225 0.1193 0.128
"TCGA.FL.A1YT.11A.12R.A32Y.07" 0.0257 0.027 0.0269 0.2565 0.274 0.2287 0.0879 0.0733
"TCGA.FL.A1YU.11A.11R.A32Y.07" 0.0181 0.0185 0.0184 0.2353 0.2372 0.2022 0.1809 0.0895
"TCGA.FL.A1YV.11A.12R.A32Y.07" 0.0225 0.0307 0.0276 0.2884 0.2507 0.256 0.0681 0.0561
"TCGA.FL.A3WE.11A.11R.A22K.07" 0.0245 0.0249 0.0252 0.2725 0.266 0.1868 0.1009 0.0992
"TCGA.H5.A2HR.01A.11R.A180.07" 0.1531 0.2023 0.2191 0.0606 0.0506 0.0636 0.068 0.1827
"TCGA.JU.AAVI.01A.11R.A40A.07" 0.1282 0.1565 0.1551 0.1018 0.0912 0.0952 0.0133 0.2586
"TCGA.K6.A3WQ.01A.11R.A22K.07" 0.0569 0.0722 0.0846 0.1794 0.1512 0.1805 0.1691 0.1061
"TCGA.KJ.A3U4.01A.11R.A22K.07" 0.1923 0.1577 0.1593 0.1064 0.1097 0.0953 0.0865 0.0927
"TCGA.KP.A3VZ.01A.11R.A22K.07" 0.1208 0.1557 0.154 0.1505 0.1289 0.1615 0.081 0.0476
"TCGA.KP.A3W0.01A.21R.A22K.07" 0.1682 0.2132 0.2172 0.0443 0.0382 0.0468 0.1626 0.1094
"TCGA.KP.A3W1.01A.11R.A22K.07" 0.1914 0.2427 0.2363 0.051 0.0527 0.0551 0.0452 0.1257
"TCGA.KP.A3W3.01A.11R.A22K.07" 0.1402 0.1883 0.1602 0.0761 0.0787 0.0801 0.1248 0.1516
"TCGA.KP.A3W4.01A.11R.A22K.07" 0.0376 0.0572 0.0589 0.1943 0.1627 0.1705 0.2087 0.1102
"TCGA.PG.A5BC.01A.12R.A27V.07" 0.0553 0.068 0.0679 0.1911 0.1969 0.1641 0.1423 0.1145
"TCGA.PG.A6IB.01A.21R.A31O.07" 0.1268 0.1624 0.1813 0.0372 0.0373 0.0335 0 0.4215
"TCGA.PG.A7D5.01A.11R.A34R.07" 0.0402 0.0525 0.0536 0.258 0.2168 0.2223 0.0688 0.0878
"TCGA.PG.A914.01A.11R.A37O.07" 0.1516 0.1844 0.2035 0.0538 0.0552 0.0491 0.1193 0.1831
"TCGA.PG.A915.01A.11R.A37O.07" 0.1152 0.2011 0.1679 0.0431 0.0424 0.0378 0.151 0.2415
"TCGA.PG.A916.01A.11R.A37O.07" 0.0886 0.1014 0.0851 0.1299 0.1218 0.1387 0.1152 0.2192
"TCGA.PG.A917.01A.31R.A37O.07" 0.0763 0.0789 0.0768 0.1518 0.1326 0.1799 0.0768 0.227
"TCGA.QF.A5YS.01A.11R.A31O.07" 0.1164 0.1492 0.1592 0.0617 0.0578 0.0715 0.0901 0.2942
"TCGA.QF.A5YT.01A.11R.A31O.07" 0.0231 0.0302 0.0335 0.2324 0.2011 0.2462 0.0969 0.1365
"TCGA.QS.A5YQ.01A.11R.A31O.07" 0.1122 0.1122 0.1122 0.1233 0.1216 0.1583 0.0454 0.2147
"TCGA.QS.A5YR.01A.31R.A31O.07" 0.0962 0.1281 0.1262 0.0733 0.0679 0.0779 0.088 0.3424
"TCGA.QS.A744.01A.11R.A34R.07" 0.0652 0.0845 0.0871 0.1362 0.1454 0.1208 0.1166 0.2443
"TCGA.QS.A8F1.01A.21R.A37O.07" 0.0873 0.1128 0.118 0.1513 0.127 0.1606 0.07 0.1731
"TCGA.SJ.A6ZI.01A.12R.A34R.07" 0.1043 0.1352 0.1307 0.1358 0.1306 0.1391 0.0916 0.1328
"TCGA.SJ.A6ZJ.01A.12R.A34R.07" 0.0379 0.0392 0.0392 0.2152 0.2038 0.2547 0.0757 0.1343
"TCGA.SL.A6J9.01A.11R.A31O.07" 0.2226 0.2987 0.3056 0.0119 0.0098 0.0101 0 0.1413
"TCGA.SL.A6JA.01A.11R.A31O.07" 0.1188 0.1535 0.1562 0.0755 0.0627 0.0706 0.1066 0.256
