"CD4_na" "CD4_cenm" "CD4_efm" "CD8_na" "CD8_cenm" "CD8_efm" "Treg" "T gamma delta"
"TCGA.N5.A4R8.01A.11R.A28V.07" 0.1953 0.2955 0.2838 0.0555 0.0481 0.0676 0.0422 0.0119
"TCGA.N5.A4RA.01A.11R.A28V.07" 0.2399 0.3836 0.3448 0 0 0 0.0141 0.0177
"TCGA.N5.A4RD.01A.11R.A28V.07" 0.1974 0.2874 0.2729 0.0387 0.0313 0.0427 0.052 0.0776
"TCGA.N5.A4RF.01A.11R.A28V.07" 0.1056 0.1491 0.1514 0.1153 0.1203 0.1075 0.0739 0.177
"TCGA.N5.A4RJ.01A.11R.A28V.07" 0.1019 0.1429 0.1447 0.1672 0.1636 0.0976 0.0635 0.1186
"TCGA.N5.A4RM.01A.11R.A28V.07" 0.1439 0.2034 0.2082 0.1194 0.0988 0.0995 0.0358 0.0909
"TCGA.N5.A4RN.01A.12R.A28V.07" 0.1342 0.1871 0.181 0.1046 0.0996 0.1646 0.0711 0.058
"TCGA.N5.A4RO.01A.11R.A28V.07" 0.1583 0.2097 0.209 0.1048 0.0958 0.1525 0.0403 0.0297
"TCGA.N5.A4RS.01A.11R.A28V.07" 0.1491 0.1843 0.2136 0.1261 0.0988 0.1102 0.057 0.0609
"TCGA.N5.A4RT.01A.11R.A28V.07" 0.1266 0.1786 0.1816 0.1589 0.155 0.0992 0.0551 0.045
"TCGA.N5.A4RU.01A.31R.A28V.07" 0.1205 0.1731 0.1735 0.1274 0.1234 0.2069 0.0421 0.0331
"TCGA.N5.A4RV.01A.21R.A28V.07" 0.1843 0.2934 0.264 0.0451 0.0381 0.0465 0.0159 0.1126
"TCGA.N5.A59E.01A.11R.A28V.07" 0.137 0.189 0.196 0.115 0.1091 0.0702 0.0718 0.1118
"TCGA.N5.A59F.01A.11R.A28V.07" 0.1189 0.199 0.2169 0.0869 0.0752 0.0906 0.0788 0.1337
"TCGA.N6.A4V9.01A.11R.A28V.07" 0.112 0.2471 0.2659 0.096 0.0884 0.0622 0.0751 0.0533
"TCGA.N6.A4VC.01A.11R.A28V.07" 0.1102 0.1687 0.1657 0.1485 0.1157 0.1537 0.0751 0.0623
"TCGA.N6.A4VD.01A.11R.A28V.07" 0.1165 0.1745 0.1577 0.1028 0.0813 0.1121 0.1469 0.1083
"TCGA.N6.A4VE.01A.11R.A28V.07" 0.1172 0.1675 0.1589 0.1247 0.1399 0.1173 0.0678 0.1068
"TCGA.N6.A4VF.01A.31R.A28V.07" 0.1455 0.2038 0.2038 0.0728 0.073 0.042 0.0902 0.169
"TCGA.N6.A4VG.01A.31R.A28V.07" 0.1332 0.2011 0.2125 0.0506 0.0469 0.0739 0.0509 0.2308
"TCGA.N7.A4Y0.01A.12R.A28V.07" 0.1823 0.1572 0.1576 0.082 0.0692 0.0828 0.0913 0.1776
"TCGA.N7.A4Y5.01A.12R.A28V.07" 0.1997 0.2876 0.2901 0.0394 0.0359 0.0569 0.0586 0.0318
"TCGA.N7.A4Y8.01A.11R.A28V.07" 0.2142 0.2499 0.2856 0.0839 0.0707 0.0683 8e-04 0.0267
"TCGA.N7.A59B.01A.11R.A28V.07" 0.1046 0.1513 0.1363 0.1643 0.1545 0.1832 0.0642 0.0417
"TCGA.N8.A4PI.01A.21R.A28V.07" 0.1307 0.1648 0.1639 0.1348 0.1347 0.1157 0.07 0.0855
"TCGA.N8.A4PL.01A.11R.A28V.07" 0.1575 0.2293 0.2354 0.0668 0.0605 0.0851 0.0382 0.1272
"TCGA.N8.A4PM.01A.11R.A28V.07" 0.1813 0.2474 0.2562 0.0336 0.0317 0.0513 0.0361 0.1624
"TCGA.N8.A4PN.01A.11R.A28V.07" 0.1262 0.2023 0.1798 0.1087 0.1074 0.1873 0.0546 0.0337
"TCGA.N8.A4PO.01A.11R.A28V.07" 0.1138 0.1722 0.1679 0.1251 0.1266 0.1215 0.085 0.0878
"TCGA.N8.A4PP.01A.11R.A28V.07" 0.1095 0.1411 0.1387 0.1542 0.1352 0.1428 0.0759 0.1025
"TCGA.N8.A4PQ.01A.11R.A28V.07" 0.1546 0.2472 0.219 0.0745 0.0754 0.0436 0.0771 0.1086
"TCGA.N8.A56S.01A.11R.A28V.07" 0.1422 0.1944 0.2018 0.0854 0.081 0.1267 0.0468 0.1217
"TCGA.N9.A4PZ.01A.22R.A28V.07" 0.106 0.1463 0.1531 0.1636 0.1651 0.1019 0.0792 0.0847
"TCGA.N9.A4Q1.01A.11R.A28V.07" 0.1849 0.2958 0.2588 0.0397 0.0379 0.0628 0.0596 0.0605
"TCGA.N9.A4Q3.01A.11R.A28V.07" 0.1325 0.1669 0.1671 0.111 0.0999 0.1215 0.042 0.1592
"TCGA.N9.A4Q4.01A.11R.A28V.07" 0.1902 0.3069 0.2664 0.037 0.0297 0.0405 0.0427 0.0866
"TCGA.N9.A4Q7.01A.11R.A28V.07" 0.2064 0.1368 0.1369 0.1082 0.0952 0.1043 0.0384 0.1737
"TCGA.N9.A4Q8.01A.31R.A28V.07" 0.0908 0.1264 0.1277 0.1704 0.1417 0.1756 0.0777 0.0897
"TCGA.NA.A4QV.01A.11R.A28V.07" 0.1345 0.1884 0.1898 0.1269 0.1269 0.0725 0.0576 0.1034
"TCGA.NA.A4QW.01A.11R.A28V.07" 0.1618 0.2737 0.2433 0.0551 0.0509 0.0817 0.0489 0.0846
"TCGA.NA.A4QX.01A.11R.A28V.07" 0.1007 0.1446 0.1458 0.145 0.1387 0.232 0.0436 0.0495
"TCGA.NA.A4QY.01A.11R.A28V.07" 0.129 0.1854 0.1812 0.0815 0.0759 0.1083 0.0642 0.1744
"TCGA.NA.A4R0.01A.11R.A28V.07" 0.1013 0.1463 0.1467 0.186 0.186 0.1063 0.0556 0.0719
"TCGA.NA.A4R1.01A.11R.A28V.07" 0.1871 0.262 0.262 0.0421 0.0421 0.0736 0.0542 0.077
"TCGA.NA.A5I1.01A.21R.A28V.07" 0.113 0.1564 0.16 0.1362 0.1383 0.0827 0.0724 0.141
"TCGA.ND.A4W6.01A.11R.A28V.07" 0.0875 0.1388 0.1252 0.1371 0.1275 0.0832 0.0856 0.2149
"TCGA.ND.A4WA.01A.12R.A28V.07" 0.1304 0.1547 0.1834 0.1155 0.1042 0.1251 0.0692 0.1176
"TCGA.ND.A4WC.01A.21R.A28V.07" 0.0889 0.1356 0.1358 0.1286 0.1046 0.1419 0.094 0.1706
"TCGA.ND.A4WF.01A.11R.A28V.07" 0.1467 0.2349 0.2102 0.1033 0.101 0.0694 0.0418 0.0926
"TCGA.NF.A4WU.01A.11R.A28V.07" 0.1212 0.1883 0.1848 0.1773 0.1353 0.1496 0.0397 0.0037
"TCGA.NF.A4WX.01A.11R.A28V.07" 0.1155 0.1872 0.1977 0.1102 0.0989 0.1435 0.0515 0.0954
"TCGA.NF.A4X2.01A.11R.A28V.07" 0.1161 0.1625 0.1625 0.1238 0.1255 0.0716 0.0506 0.1875
"TCGA.NF.A5CP.01A.12R.A28V.07" 0.0396 0.0566 0.0559 0.2162 0.2129 0.1329 0.1955 0.0905
"TCGA.NG.A4VU.01A.11R.A28V.07" 0.1406 0.2012 0.2026 0.0925 0.0873 0.1439 0.0368 0.095
"TCGA.NG.A4VW.01A.11R.A28V.07" 0.135 0.1971 0.1758 0.1031 0.0837 0.1253 0.0644 0.1156
"TCGA.QM.A5NM.01A.11R.A28V.07" 0.1398 0.218 0.195 0.0902 0.1034 0.0877 0.0732 0.0928
"TCGA.QN.A5NN.01A.11R.A28V.07" 0.1346 0.1886 0.1901 0.117 0.1126 0.0691 0.079 0.109
